task,condition,elapsed_sec,latency_ms,server_exec_ms,server_proc_ms,server_swap_ms,server_decoder_ms,queue_wait_plus_rpc_ms,non_server_exec_overhead_ms,server_start_ns
ecgclass,no_sharing,0.0002,416.1832,411.6392,354.9568,0.0036,55.8688,3.4504,4.5441,1775608410278164877
ecgclass,no_sharing,0.4816,111.9468,109.3013,65.6724,0.004,43.1637,1.7278,2.6455,1775608410757851913
ecgclass,no_sharing,0.9489,71.0185,68.3951,46.7463,0.0024,21.2142,1.6899,2.6234,1775608411225096619
ecgclass,no_sharing,1.4261,51.1634,48.5382,47.4954,0.0022,0.7049,1.6367,2.6253,1775608411702220464
ecgclass,no_sharing,1.4815,64.5981,62.2328,43.4101,0.0022,18.3051,1.5008,2.3653,1775608411757450353
ecgclass,no_sharing,1.4992,129.0076,81.574,46.1376,0.0022,35.0872,46.5426,47.4336,1775608411820252089
ecgclass,no_sharing,1.7897,54.8749,52.2605,51.3715,0.0021,0.5962,1.6992,2.6144,1775608412065851995
ecgclass,no_sharing,2.0711,46.5002,44.0087,43.1748,0.0021,0.5647,1.5852,2.4915,1775608412347177962
ecgclass,no_sharing,2.6959,58.253,55.893,47.5344,0.0038,7.7777,1.4985,2.36,1775608412971927306
ecgclass,no_sharing,2.7124,90.8289,48.2063,45.4684,0.0021,2.3528,41.7082,42.6226,1775608413028596021
ecgclass,no_sharing,2.9211,60.7765,58.3955,46.2642,0.0023,11.8139,1.4753,2.381,1775608413197044417
ecgclass,no_sharing,2.9355,90.7006,43.7606,42.861,0.002,0.5783,46.113,46.94,1775608413256051448
ecgclass,no_sharing,3.1537,83.0791,80.7041,44.566,0.0021,35.802,1.4787,2.375,1775608413429691203
ecgclass,no_sharing,3.5001,53.0097,50.8545,45.9991,0.0021,4.5267,1.5042,2.1552,1775608413776061419
ecgclass,no_sharing,3.5767,51.8692,49.6795,42.0749,0.0021,7.3022,1.4822,2.1896,1775608413852670005
ecgclass,no_sharing,3.8231,54.3644,51.9914,43.5955,0.0024,8.0319,1.4732,2.3731,1775608414099021447
ecgclass,no_sharing,3.8538,97.769,73.2831,45.3309,0.0024,13.774,23.4339,24.4859,1775608414151700597
ecgclass,no_sharing,3.8721,79.478,73.2831,45.3309,0.0024,13.774,5.1191,6.1949,1775608414151700597
ecgclass,no_sharing,3.9353,60.7107,43.8077,42.7556,0.0022,0.6378,16.0456,16.9029,1775608414225823038
ecgclass,no_sharing,4.1158,62.4483,60.0079,45.3459,0.002,14.3101,1.6119,2.4403,1775608414391888807
ecgclass,no_sharing,4.1985,43.8769,41.5906,40.664,0.0023,0.6293,1.4122,2.2863,1775608414474345075
ecgclass,no_sharing,4.4474,83.5307,80.9626,42.1226,0.0019,38.5186,1.6954,2.5681,1775608414723543035
ecgclass,no_sharing,4.4927,110.7638,71.9965,42.4379,0.0017,29.2323,37.925,38.7673,1775608414805110896
ecgclass,no_sharing,4.8607,75.6018,73.1908,40.1905,0.0018,32.7061,1.5152,2.4111,1775608415136657284
ecgclass,no_sharing,5.1051,71.4216,69.2498,43.1448,0.0018,25.8176,1.3494,2.1718,1775608415380969372
ecgclass,no_sharing,5.2365,67.3926,65.038,62.7274,0.0032,1.873,1.5609,2.3546,1775608415512513300
ecgclass,no_sharing,5.32,74.3535,72.0384,61.8227,0.0031,9.7602,1.4398,2.315,1775608415595875474
ecgclass,no_sharing,5.4108,82.4201,79.9955,49.0048,0.0023,30.6791,1.5323,2.4246,1775608415686860495
ecgclass,no_sharing,5.427,187.5224,120.3392,49.5065,0.0021,35.2143,65.9897,67.1833,1775608415767504850
ecgclass,no_sharing,5.4625,152.4515,120.3392,49.5065,0.0021,35.2143,30.5698,32.1124,1775608415767504850
ecgclass,no_sharing,5.5987,102.1087,85.8671,51.7935,0.0022,33.7124,15.3985,16.2416,1775608415888568650
ecgclass,no_sharing,5.6768,111.0723,86.5069,51.2627,0.0022,34.9197,23.6831,24.5654,1775608415974987218
ecgclass,no_sharing,5.9298,46.3648,43.9397,43.0227,0.0022,0.6251,1.5347,2.4251,1775608416205808813
ecgclass,no_sharing,6.0716,53.3283,50.9425,42.3714,0.0022,8.2473,1.4982,2.3858,1775608416347582928
ecgclass,no_sharing,6.1188,86.1042,79.3177,47.6081,0.0019,31.3707,5.8968,6.7864,1775608416399140193
ecgclass,no_sharing,6.2111,58.6252,56.5118,46.0705,0.0026,10.1248,1.339,2.1135,1775608416486879575
ecgclass,no_sharing,6.3396,81.3282,79.0124,42.4007,0.0021,36.3103,1.4553,2.3157,1775608416615532213
ecgclass,no_sharing,6.4079,101.81,88.2173,51.473,0.0021,36.4139,12.7244,13.5927,1775608416695139372
ecgclass,no_sharing,6.4725,112.7639,74.9755,50.3201,0.0022,24.3253,36.9666,37.7884,1775608416783973884
ecgclass,no_sharing,6.6482,58.9378,56.5794,41.4218,0.002,14.8762,1.4534,2.3584,1775608416924137537
ecgclass,no_sharing,6.7083,77.8551,75.7407,42.2287,0.0022,33.1982,1.3757,2.1144,1775608416984159410
ecgclass,no_sharing,6.975,65.3963,63.0799,41.4089,0.0021,21.3881,1.4803,2.3164,1775608417250922530
ecgclass,no_sharing,7.2525,45.3336,42.8109,40.6161,0.002,1.8706,1.6391,2.5227,1775608417528600018
ecgclass,no_sharing,7.4692,48.0418,45.4554,44.5328,0.0021,0.578,1.6892,2.5864,1775608417745411310
ecgclass,no_sharing,7.484,75.0344,41.2504,40.4091,0.002,0.5464,32.9771,33.784,1775608417791462015
ecgclass,no_sharing,7.7106,65.1467,62.6754,48.3181,0.0032,13.8725,1.5862,2.4712,1775608417986701274
ecgclass,no_sharing,7.9816,40.544,38.1348,37.3606,0.0018,0.5322,1.4822,2.4093,1775608418257590349
ecgclass,no_sharing,8.2062,52.1028,49.6811,47.8859,0.0038,1.2888,1.4806,2.4217,1775608418482115521
ecgclass,no_sharing,8.2625,52.9151,50.5646,39.4521,0.0019,10.8254,1.5361,2.3505,1775608418538469654
ecgclass,no_sharing,8.3265,67.8778,65.6358,35.9738,0.0018,29.426,1.4031,2.2419,1775608418602386586
ecgclass,no_sharing,8.3599,123.3783,88.4341,38.084,0.0019,50.0607,34.198,34.9442,1775608418668575553
ecgclass,no_sharing,8.4316,176.4393,123.6678,43.1485,0.0016,26.7423,51.5692,52.7715,1775608418757625049
ecgclass,no_sharing,8.435,173.0494,123.6678,43.1485,0.0016,26.7423,48.1563,49.3817,1775608418757625049
ecgclass,no_sharing,8.4687,139.3828,123.6678,43.1485,0.0016,26.7423,14.4551,15.7151,1775608418757625049
ecgclass,no_sharing,8.7316,46.7913,44.415,43.5238,0.0024,0.6039,1.4987,2.3764,1775608419007574563
ecgclass,no_sharing,9.5302,41.8844,39.5882,35.3315,0.002,3.9394,1.502,2.2962,1775608419806163960
ecgclass,no_sharing,9.6428,54.0664,51.895,35.2558,0.0018,16.4038,1.3978,2.1714,1775608419918642102
ecgclass,no_sharing,9.7,40.4193,37.4899,36.6783,0.0017,0.57,1.3182,2.9294,1775608419975819655
ecgclass,no_sharing,9.7793,86.0093,83.6455,70.5534,0.0036,12.5904,1.4966,2.3638,1775608420055285368
ecgclass,no_sharing,9.8513,96.8549,82.2517,51.9552,0.0021,29.9629,13.8297,14.6033,1775608420139613682
ecgclass,no_sharing,9.8777,133.5678,62.2922,45.616,0.0022,16.3341,70.3075,71.2756,1775608420222491559
ecgclass,no_sharing,10.0941,70.0035,67.8958,46.7536,0.0021,20.8555,1.3249,2.1077,1775608420369951712
ecgclass,no_sharing,10.3694,47.0576,44.6121,43.6844,0.0021,0.6196,1.5769,2.4455,1775608420645477599
ecgclass,no_sharing,10.6709,70.5473,68.1548,48.7112,0.0023,18.575,1.4915,2.3925,1775608420946895683
ecgclass,no_sharing,11.7336,83.0066,80.477,77.2383,0.0046,2.6441,1.5645,2.5296,1775608422009613561
ecgclass,no_sharing,12.1547,47.2593,44.771,43.7726,0.0022,0.6357,1.5941,2.4884,1775608422430747515
ecgclass,no_sharing,12.4836,60.8375,58.3118,49.7694,0.0025,8.2226,1.6119,2.5257,1775608422759712700
ecgclass,no_sharing,12.6924,61.5401,58.8028,56.9555,0.0043,1.235,1.7717,2.7373,1775608422968670447
ecgclass,no_sharing,12.8119,65.5665,62.9873,58.6497,0.0023,3.9425,1.6873,2.5792,1775608423088080441
ecgclass,no_sharing,12.8197,106.9126,48.5449,47.5461,0.0022,0.6329,57.5447,58.3678,1775608423151725868
ecgclass,no_sharing,13.0109,52.361,49.7466,48.6883,0.0024,0.7478,1.5829,2.6144,1775608423286925742
ecgclass,no_sharing,13.1355,73.4086,71.0661,41.0643,0.0021,29.7182,1.4937,2.3425,1775608423411483627
ecgclass,no_sharing,13.4368,50.0014,47.603,44.3425,0.0021,2.9392,1.4889,2.3984,1775608423712736660
ecgclass,no_sharing,13.8422,74.8565,72.4824,45.3418,0.0023,26.7909,1.5793,2.3741,1775608424118214658
ecgclass,no_sharing,13.9091,49.999,41.4355,39.4744,0.0018,1.6748,7.6807,8.5635,1775608424191283182
ecgclass,no_sharing,13.9182,95.998,54.5093,34.476,0.0017,19.7638,40.6353,41.4887,1775608424233287807
ecgclass,no_sharing,14.1037,53.4332,51.1598,39.9071,0.0018,10.9498,1.4868,2.2733,1775608424379702898
ecgclass,no_sharing,14.6141,42.2323,39.9025,39.0721,0.002,0.5419,1.4331,2.3297,1775608424890005626
ecgclass,no_sharing,14.7785,60.4115,57.7432,43.6111,0.0021,13.8146,1.8055,2.6682,1775608425054766362
ecgclass,no_sharing,15.2051,92.7885,90.4107,50.3132,0.0039,39.5992,1.4849,2.3778,1775608425481054219
ecgclass,no_sharing,15.3554,81.522,79.0068,77.2222,0.004,1.1983,1.5905,2.5152,1775608425631510896
ecgclass,no_sharing,15.6175,48.9745,46.5641,45.5768,0.0022,0.6302,1.5571,2.4104,1775608425893586807
ecgclass,no_sharing,15.6767,46.4928,44.1352,43.207,0.0022,0.6219,1.4982,2.3576,1775608425952720342
ecgclass,no_sharing,15.7024,68.8856,47.4394,45.9784,0.0023,1.1136,20.586,21.4462,1775608425997510483
ecgclass,no_sharing,15.7314,164.2933,123.9966,44.1014,0.002,26.5139,39.6972,40.2967,1775608426045610283
ecgclass,no_sharing,15.7551,140.8527,123.9966,44.1014,0.002,26.5139,15.9788,16.8561,1775608426045610283
ecgclass,no_sharing,15.7658,130.3492,123.9966,44.1014,0.002,26.5139,5.2783,6.3526,1775608426045610283
ecgclass,no_sharing,16.1092,69.7033,67.3915,42.3164,0.0024,24.7206,1.4801,2.3118,1775608426385141980
ecgclass,no_sharing,16.1992,86.6451,84.3849,53.3951,0.0022,30.6829,1.4081,2.2602,1775608426475121925
ecgclass,no_sharing,16.2759,64.2798,53.7925,48.1232,0.0023,5.3187,9.6736,10.4873,1775608426560054104
ecgclass,no_sharing,16.4628,67.445,65.3309,45.4922,0.002,19.5429,1.332,2.1141,1775608426738586952
ecgclass,no_sharing,16.5008,80.3583,50.3786,42.4049,0.002,7.6459,29.1963,29.9797,1775608426804492743
ecgclass,no_sharing,16.8839,56.8852,54.5668,53.3582,0.0027,0.8202,1.4272,2.3185,1775608427159845862
ecgclass,no_sharing,17.1423,85.1448,82.7714,41.0455,0.002,41.4135,1.5922,2.3733,1775608427418332092
ecgclass,no_sharing,17.2084,101.2223,81.5624,80.5506,0.0022,0.6617,18.806,19.6599,1775608427501707336
ecgclass,no_sharing,17.2486,109.0961,47.4209,42.4614,0.0022,4.6146,60.7481,61.6751,1775608427583829416
ecgclass,no_sharing,17.3545,49.9022,46.0938,45.0062,0.0022,0.7147,2.9771,3.8084,1775608427631994231
ecgclass,no_sharing,17.4156,45.9001,43.5235,42.5906,0.0022,0.6286,1.524,2.3766,1775608427691654274
ecgclass,no_sharing,17.4304,75.1474,43.3939,42.3804,0.0022,0.6578,30.9646,31.7535,1775608427735807114
ecgclass,no_sharing,17.5314,87.1449,84.8668,45.0253,0.0021,39.543,1.4217,2.278,1775608427807317881
ecgclass,no_sharing,17.982,72.3581,69.7753,51.7851,0.003,17.6109,1.6637,2.5828,1775608428258147821
ecgclass,no_sharing,18.1836,77.1544,74.8031,42.336,0.002,32.1951,1.4355,2.3513,1775608428459562752
ecgclass,no_sharing,18.7999,39.7441,37.4012,36.6024,0.0019,0.5381,1.4939,2.3429,1775608429075857943
ecgclass,no_sharing,19.2098,86.0476,83.2699,68.4655,0.0046,14.1771,1.7331,2.7777,1775608429486033158
ecgclass,no_sharing,19.4332,54.9684,52.5184,45.5061,0.0023,6.6903,1.5745,2.4499,1775608429709260232
ecgclass,no_sharing,19.8032,54.2617,51.8227,45.4476,0.0023,6.0047,1.5717,2.439,1775608430079272135
ecgclass,no_sharing,19.9485,68.0308,65.764,40.6351,0.0021,24.3697,1.441,2.2668,1775608430224404444
ecgclass,no_sharing,20.1623,63.0577,60.8963,39.3504,0.0017,21.2926,1.3943,2.1613,1775608430438179318
ecgclass,no_sharing,20.2376,55.063,52.8423,52.0315,0.0019,0.5505,1.3931,2.2207,1775608430513431802
ecgclass,no_sharing,20.2818,48.1558,36.7194,35.9623,0.0016,0.4853,10.5979,11.4364,1775608430566865820
ecgclass,no_sharing,20.7102,42.4414,40.2119,39.3214,0.0021,0.5896,1.39,2.2295,1775608430986076918
ecgclass,no_sharing,20.7389,53.7782,39.465,38.6348,0.0018,0.5381,13.4871,14.3132,1775608431026846946
ecgclass,no_sharing,20.7768,50.6299,34.296,33.559,0.0018,0.4918,15.5804,16.3338,1775608431066900782
ecgclass,no_sharing,20.8387,36.2096,33.9537,33.1171,0.0017,0.519,1.4501,2.2559,1775608431114606307
ecgclass,no_sharing,21.0316,37.9159,35.652,34.9247,0.0017,0.4956,1.4479,2.2639,1775608431307515476
ecgclass,no_sharing,21.1149,36.7546,34.5874,33.8544,0.0017,0.4927,1.4021,2.1672,1775608431390796816
ecgclass,no_sharing,21.252,39.9415,37.6348,36.4261,0.0018,0.9433,1.4501,2.3067,1775608431527922844
ecgclass,no_sharing,21.6836,55.3169,52.9834,42.5523,0.0021,10.1139,1.538,2.3335,1775608431959577430
ecgclass,no_sharing,21.9922,51.2264,48.7318,47.8016,0.0022,0.6293,1.5864,2.4946,1775608432268317870
ecgclass,no_sharing,22.2265,85.9292,83.2553,81.3412,0.0045,1.3541,1.6406,2.6738,1775608432502648675
ecgclass,no_sharing,22.2601,110.0099,56.9394,55.8647,0.0025,0.6859,52.1743,53.0706,1775608432586723912
ecgclass,no_sharing,22.4985,81.0623,78.5583,51.2298,0.0025,27.001,1.6847,2.504,1775608432774657999
ecgclass,no_sharing,22.5895,100.8987,98.5249,50.1708,0.0021,48.0622,1.5059,2.3739,1775608432865450001
ecgclass,no_sharing,22.6142,141.5646,64.7238,51.5255,0.0021,12.8573,75.9664,76.8408,1775608432964623849
ecgclass,no_sharing,22.6936,193.6674,130.7967,47.3946,0.002,41.5336,61.8715,62.8707,1775608433029908552
ecgclass,no_sharing,22.7074,179.8196,130.7967,47.3946,0.002,41.5336,48.0008,49.0229,1775608433029908552
ecgclass,no_sharing,22.8914,67.6658,65.3183,46.2091,0.0022,18.8219,1.4834,2.3475,1775608433167401537
ecgclass,no_sharing,23.0854,47.5268,45.1926,43.7294,0.0023,1.1568,1.446,2.3342,1775608433361288197
ecgclass,no_sharing,23.1441,75.3288,72.9981,43.299,0.0021,29.4117,1.471,2.3307,1775608433420036308
ecgclass,no_sharing,23.1529,114.5952,47.4657,46.5143,0.0022,0.6118,66.2479,67.1294,1775608433493594868
ecgclass,no_sharing,23.6989,62.0501,59.443,57.582,0.0042,1.2195,1.6632,2.6071,1775608433975083525
ecgclass,no_sharing,23.8604,87.2469,84.3624,81.6804,0.0042,2.1146,1.8685,2.8845,1775608434136761392
ecgclass,no_sharing,24.1586,51.3098,48.619,47.3201,0.0105,0.7781,1.4904,2.6908,1775608434434580297
ecgclass,no_sharing,24.2291,77.4651,74.6745,72.934,0.0042,1.2075,1.8926,2.7906,1775608434505503639
ecgclass,no_sharing,24.5642,69.2019,66.9254,42.2542,0.0023,24.3184,1.4756,2.2765,1775608434840166340
ecgclass,no_sharing,24.8919,61.3248,58.8593,55.2543,0.0025,3.1178,1.6351,2.4655,1775608435168032306
ecgclass,no_sharing,24.9116,97.8432,55.4564,45.3151,0.0021,9.7693,41.5041,42.3867,1775608435227591197
ecgclass,no_sharing,25.9978,55.5747,52.9844,51.8499,0.0029,0.7753,1.6615,2.5903,1775608436273963715
ecgclass,no_sharing,26.1318,56.2465,53.7288,47.4552,0.0021,5.4266,1.6305,2.5177,1775608436407911789
ecgclass,no_sharing,26.4112,50.122,47.3013,45.1264,0.0021,1.8915,1.5848,2.8207,1775608436687293872
ecgclass,no_sharing,26.4608,42.5532,40.0755,39.2899,0.002,0.5403,1.5945,2.4777,1775608436736925329
ecgclass,no_sharing,26.6568,80.7235,78.5297,39.6746,0.0018,38.6104,1.375,2.1939,1775608436932629669
ecgclass,no_sharing,26.7149,99.916,76.6385,74.6708,0.0042,1.4134,22.3868,23.2775,1775608437011720219
ecgclass,no_sharing,27.0371,86.7734,84.3775,80.876,0.0039,2.9242,1.44,2.3959,1775608437313012186
ecgclass,no_sharing,27.1296,94.2922,91.8665,75.3453,0.0039,15.955,1.5619,2.4257,1775608437405657744
ecgclass,no_sharing,27.2852,58.2089,55.9773,40.458,0.0022,15.1889,1.3766,2.2316,1775608437561040330
ecgclass,no_sharing,27.3916,46.2193,43.9509,43.0051,0.0024,0.6523,1.3716,2.2684,1775608437667444464
ecgclass,no_sharing,27.5431,61.4038,58.9204,54.0141,0.0027,4.5562,1.5497,2.4833,1775608437819112316
ecgclass,no_sharing,27.6363,55.196,52.6672,49.422,0.0025,2.8504,1.5988,2.5289,1775608437912427176
ecgclass,no_sharing,27.7589,58.8391,56.4597,55.247,0.0029,0.8296,1.4434,2.3794,1775608438034870429
ecgclass,no_sharing,27.7647,101.4619,47.7508,46.7513,0.0023,0.6398,52.8665,53.7111,1775608438092005926
ecgclass,no_sharing,28.082,76.3633,74.0898,43.131,0.0021,30.6469,1.4229,2.2735,1775608438357947133
ecgclass,no_sharing,28.5842,49.2785,46.9021,44.4047,0.0023,2.1915,1.4641,2.3764,1775608438860102656
ecgclass,no_sharing,28.7015,99.2584,96.7906,61.7408,0.004,34.5533,1.658,2.4678,1775608438977629618
ecgclass,no_sharing,29.3811,48.0804,45.7323,44.6798,0.0023,0.6555,1.5121,2.3482,1775608439657070016
ecgclass,no_sharing,29.4148,73.3473,58.435,44.9522,0.0023,13.1208,14.1518,14.9123,1775608439703431857
ecgclass,no_sharing,29.972,48.2154,45.3856,44.4225,0.0023,0.656,1.4975,2.8297,1775608440247981042
ecgclass,no_sharing,30.0444,44.1074,41.8405,41.0478,0.002,0.533,1.4215,2.2669,1775608440320330443
ecgclass,no_sharing,30.1788,51.6117,49.3091,42.1447,0.002,6.8903,1.4513,2.3026,1775608440454729444
ecgclass,no_sharing,30.6653,83.2782,80.9674,42.6383,0.002,38.0379,1.4858,2.3107,1775608440941245156
ecgclass,no_sharing,30.6907,108.4065,49.9205,39.489,0.0017,5.0657,57.6689,58.486,1775608441022853143
ecgclass,no_sharing,30.7294,69.8755,49.9205,39.489,0.0017,5.0657,18.9383,19.9549,1775608441022853143
ecgclass,no_sharing,30.9975,54.7268,52.3077,41.6528,0.0019,10.381,1.4765,2.4191,1775608441273424726
ecgclass,no_sharing,31.1945,42.7017,40.401,39.5929,0.0019,0.5376,1.4033,2.3008,1775608441470363954
ecgclass,no_sharing,31.2524,66.4728,64.024,62.6184,0.0033,0.9437,1.565,2.4488,1775608441528432516
ecgclass,no_sharing,31.3411,59.6015,57.289,38.557,0.0021,18.4269,1.4536,2.3125,1775608441616989022
ecgclass,no_sharing,31.4909,51.8873,49.5299,41.1463,0.0022,8.1158,1.4377,2.3574,1775608441766811518
ecgclass,no_sharing,31.8705,48.0459,45.6644,44.8459,0.0019,0.5373,1.5228,2.3814,1775608442146483125
ecgclass,no_sharing,31.9417,48.28,45.9524,37.1539,0.0019,8.5507,1.4434,2.3276,1775608442217657800
ecgclass,no_sharing,32.0951,56.4997,54.1915,38.9303,0.004,14.984,1.477,2.3082,1775608442371022856
ecgclass,no_sharing,32.1661,39.4664,37.1599,35.9429,0.002,0.5172,1.4362,2.3065,1775608442442050181
ecgclass,no_sharing,32.2268,48.0018,45.7703,44.7256,0.0025,0.7213,1.3883,2.2314,1775608442502673944
ecgclass,no_sharing,32.6532,54.3396,51.6518,50.6872,0.0024,0.6394,1.7273,2.6879,1775608442929405775
ecgclass,no_sharing,32.7648,54.5285,51.8606,50.7417,0.0024,0.8113,1.703,2.6678,1775608443040952773
ecgclass,no_sharing,33.0323,65.7053,63.5117,42.3759,0.0018,20.8829,1.3909,2.1936,1775608443308144289
ecgclass,no_sharing,33.0931,89.5324,82.85,39.709,0.0019,42.8202,4.6561,6.6823,1775608443372217623
ecgclass,no_sharing,33.1305,113.4696,62.0092,43.6293,0.0019,18.0968,50.601,51.4604,1775608443455600165
ecgclass,no_sharing,33.3594,65.4233,63.2439,44.4966,0.0018,18.4935,1.332,2.1793,1775608443635262981
ecgclass,no_sharing,33.6431,41.9254,39.5591,38.6687,0.0019,0.565,1.4868,2.3664,1775608443919038214
ecgclass,no_sharing,33.8323,86.1461,83.8208,81.4767,0.0039,1.7422,1.4284,2.3254,1775608444108182385
ecgclass,no_sharing,34.0699,68.6648,66.2624,49.4007,0.0027,16.4967,1.539,2.4024,1775608444345881716
ecgclass,no_sharing,34.274,84.8629,82.5659,48.7335,0.0023,33.5228,1.4541,2.297,1775608444549933764
ecgclass,no_sharing,34.4924,58.0266,55.4058,54.3193,0.0026,0.7013,1.7023,2.6207,1775608444768610046
ecgclass,no_sharing,34.9437,49.4428,46.9585,45.9174,0.0022,0.6959,1.5817,2.4842,1775608445219738925
ecgclass,no_sharing,35.5079,77.1458,74.1892,49.2647,0.0025,24.6215,2.1112,2.9566,1775608445784540786
ecgclass,no_sharing,35.6399,73.4782,71.0662,42.7761,0.0022,28.0188,1.4966,2.412,1775608445915918486
ecgclass,no_sharing,35.6584,104.4559,48.8021,47.5773,0.0032,0.8294,54.723,55.6538,1775608445987565172
ecgclass,no_sharing,35.9392,70.4036,67.8647,66.4853,0.0039,0.9226,1.6367,2.5389,1775608446215274206
ecgclass,no_sharing,36.1085,67.9386,65.3911,64.0067,0.0036,0.9507,1.5719,2.5474,1775608446384566397
ecgclass,no_sharing,36.5966,48.6164,46.2765,42.028,0.0021,3.8861,1.4532,2.3399,1775608446872570296
ecgclass,no_sharing,36.8053,52.9671,50.6631,41.5855,0.002,8.7386,1.3916,2.304,1775608447081152041
ecgclass,no_sharing,36.8336,70.0989,44.9387,43.9894,0.0021,0.6168,24.338,25.1602,1775608447132384312
ecgclass,no_sharing,37.0432,48.4059,46.1473,42.4804,0.0022,3.3757,1.3506,2.2586,1775608447319047368
ecgclass,no_sharing,37.1583,46.2458,44.0182,43.0703,0.0024,0.6443,1.3916,2.2276,1775608447434135745
ecgclass,no_sharing,37.181,74.1251,49.8157,48.548,0.0027,0.8527,23.4263,24.3094,1775608447478902241
ecgclass,no_sharing,37.2354,72.8769,52.4702,51.4531,0.0023,0.6455,19.5053,20.4068,1775608447529385547
ecgclass,no_sharing,37.9321,59.5582,56.9538,54.3547,0.0026,2.2648,1.694,2.6043,1775608448208294284
ecgclass,no_sharing,38.0122,54.5073,52.1733,44.7076,0.0024,7.1506,1.5066,2.3339,1775608448288233558
ecgclass,no_sharing,38.0626,43.715,38.929,38.0645,0.0019,0.551,3.9203,4.7861,1775608448341038162
ecgclass,no_sharing,38.1523,60.5035,58.1713,38.5843,0.0019,19.3304,1.4522,2.3321,1775608448428199433
ecgclass,no_sharing,38.5656,82.5186,80.1192,41.5504,0.0021,38.262,1.5514,2.3994,1775608448841596478
ecgclass,no_sharing,38.7827,84.7099,82.3356,80.5066,0.0042,1.2321,1.4796,2.3743,1775608449058645146
ecgclass,no_sharing,38.8224,329.4373,77.2729,60.3975,0.0023,8.2378,44.9409,252.1643,1775608449141827544
ecgclass,no_sharing,38.8241,327.7507,77.2729,60.3975,0.0023,8.2378,43.2377,250.4777,1775608449141827544
ecgclass,no_sharing,38.9123,239.5732,46.7406,45.5424,0.0043,0.7475,33.2317,192.8327,1775608449220013947
ecgclass,no_sharing,39.1504,116.1754,111.8937,44.2338,0.0034,67.2397,3.4928,4.2817,1775608449428368360
ecgclass,no_sharing,39.3557,131.4068,128.8663,52.0894,0.0025,76.4395,1.4639,2.5405,1775608449631602493
ecgclass,no_sharing,39.3773,199.2688,88.8112,56.963,0.0051,31.4213,109.6375,110.4576,1775608449761465833
ecgclass,no_sharing,39.5139,118.0129,54.8143,52.2181,0.0024,2.2336,62.4909,63.1986,1775608449850913563
ecgclass,no_sharing,39.7176,53.4539,51.2585,44.4657,0.0025,6.4962,1.2975,2.1954,1775608449993367035
ecgclass,no_sharing,40.2909,51.219,48.6638,47.5514,0.0023,0.6819,1.6384,2.5552,1775608450567050272
ecgclass,no_sharing,40.3494,60.5836,58.2314,43.9094,0.0022,14.0196,1.4887,2.3522,1775608450625325646
ecgclass,no_sharing,40.6964,39.8393,37.4162,36.11,0.002,0.5073,1.5452,2.423,1775608450972399030
ecgclass,no_sharing,40.8495,47.4775,44.914,41.2989,0.0022,3.2817,1.6141,2.5635,1775608451125580404
ecgclass,no_sharing,41.1952,55.6624,53.2071,45.5327,0.0044,7.1301,1.5161,2.4553,1775608451471181768
ecgclass,no_sharing,41.2671,53.9527,51.541,40.4136,0.0019,10.8273,1.5073,2.4117,1775608451543050132
ecgclass,no_sharing,41.3332,40.4215,38.1907,35.9482,0.0019,1.9927,1.39,2.2308,1775608451609103161
ecgclass,no_sharing,41.3839,45.4288,43.1526,34.9003,0.0018,8.0183,1.4038,2.2762,1775608451659743774
ecgclass,no_sharing,41.5923,53.2568,50.7244,42.7634,0.0021,7.6173,1.6098,2.5324,1775608451868390463
ecgclass,no_sharing,41.7225,62.8426,60.6395,50.9161,0.0027,9.3699,1.3573,2.2031,1775608451998323233
ecgclass,no_sharing,41.8968,93.9867,91.6681,48.1995,0.0021,43.1457,1.4749,2.3187,1775608452172803222
ecgclass,no_sharing,42.1526,43.0963,40.6955,39.8567,0.0021,0.5705,1.5416,2.4008,1775608452428584364
ecgclass,no_sharing,42.3838,73.5495,71.1506,68.5357,0.0036,2.1579,1.4908,2.3989,1775608452659756278
ecgclass,no_sharing,42.5935,52.1262,49.6775,48.7233,0.0024,0.649,1.596,2.4487,1775608452869596315
ecgclass,no_sharing,42.8723,94.4989,92.1054,56.006,0.0023,35.7322,1.5416,2.3935,1775608453148350298
ecgclass,no_sharing,42.8791,155.705,67.3116,52.0756,0.0024,14.8807,87.5137,88.3934,1775608453241074554
ecgclass,no_sharing,43.1796,83.7781,81.6566,47.8132,0.002,33.5838,1.2677,2.1216,1775608453455394086
ecgclass,no_sharing,43.4402,42.3245,39.9976,39.2024,0.0018,0.5385,1.4787,2.327,1775608453716168549
ecgclass,no_sharing,43.5281,93.7114,91.4647,45.0971,0.0018,46.121,1.5061,2.2467,1775608453804067400
ecgclass,no_sharing,43.5759,151.7451,105.5663,44.0471,0.0019,61.2374,45.4767,46.1788,1775608453895884125
ecgclass,no_sharing,43.7174,84.3883,73.7004,48.4475,0.0021,24.957,9.8946,10.6878,1775608454001816179
ecgclass,no_sharing,44.1232,68.1355,66.0925,47.2719,0.0025,18.5148,1.2517,2.043,1775608454398947648
ecgclass,no_sharing,44.1885,77.5957,74.1722,54.8795,0.0036,18.8136,2.5773,3.4235,1775608454465539122
ecgclass,no_sharing,44.4746,48.8343,46.7343,45.7412,0.0023,0.6502,1.3678,2.1,1775608454750499867
ecgclass,no_sharing,45.0684,61.8322,59.6671,48.398,0.0023,10.9152,1.3921,2.1651,1775608455344240831
ecgclass,no_sharing,45.1494,47.5743,45.7085,44.7432,0.0024,0.6591,1.1795,1.8658,1775608455425085584
ecgclass,no_sharing,46.0088,71.6369,69.3983,43.2154,0.0023,25.9017,1.5314,2.2386,1775608456284786068
ecgclass,no_sharing,46.0215,163.0406,103.1294,40.7115,0.0018,31.0705,58.6739,59.9113,1775608456354630972
ecgclass,no_sharing,46.0282,156.3303,103.1294,40.7115,0.0018,31.0705,51.9419,53.201,1775608456354630972
ecgclass,no_sharing,46.4001,62.4945,60.4929,59.1389,0.0033,0.9216,1.2035,2.0016,1775608456675798958
ecgclass,no_sharing,46.5292,67.7538,65.5666,64.2737,0.0032,0.8605,1.3964,2.1872,1775608456805122072
ecgclass,no_sharing,46.6502,70.1568,68.0993,66.5361,0.0035,1.0991,1.2255,2.0575,1775608456925914957
ecgclass,no_sharing,47.0418,53.4751,51.0383,48.0942,0.0024,2.5514,1.5662,2.4368,1775608457317845738
ecgclass,no_sharing,47.5373,49.9754,47.4615,46.4346,0.0027,0.64,1.6418,2.5139,1775608457813386323
ecgclass,no_sharing,47.7016,59.6132,57.3445,47.9259,0.004,7.9499,1.3826,2.2687,1775608457977416979
ecgclass,no_sharing,48.1238,49.34,47.0363,43.1577,0.0024,3.4758,1.4167,2.3037,1775608458399747483
ecgclass,no_sharing,48.3248,53.1468,50.7723,44.5165,0.0021,5.8846,1.5748,2.3745,1775608458600902495
ecgclass,no_sharing,48.4254,49.4845,47.1905,46.2253,0.0022,0.652,1.1821,2.294,1775608458701052329
ecgclass,no_sharing,48.4741,47.4226,45.3609,44.0226,0.0024,1.0276,1.255,2.0618,1775608458749791962
ecgclass,no_sharing,48.7493,107.5323,105.4211,47.8945,0.0022,57.1708,1.4899,2.1112,1775608459025239834
ecgclass,no_sharing,49.1778,87.6977,85.9388,43.0154,0.0021,42.6199,1.1911,1.7589,1775608459453487454
ecgclass,no_sharing,49.7118,91.9096,89.6095,87.6209,0.0048,1.3621,1.2991,2.3001,1775608459987545491
ecgclass,no_sharing,49.7732,110.611,79.2197,56.7002,0.0028,22.103,30.3509,31.3912,1775608460077997712
ecgclass,no_sharing,49.9775,53.5645,50.8945,49.8701,0.0025,0.6971,1.6239,2.6701,1775608460253629040
ecgclass,no_sharing,50.0803,55.4721,52.6033,50.9087,0.0026,1.3387,1.9228,2.8688,1775608460356712257
ecgclass,no_sharing,50.422,59.0801,56.4853,55.0129,0.0025,1.1099,1.725,2.5948,1775608460698213985
ecgclass,no_sharing,50.4668,115.9317,101.0371,49.2472,0.0023,25.7154,14.1289,14.8946,1775608460755382289
ecgclass,no_sharing,50.4782,104.6355,101.0371,49.2472,0.0023,25.7154,2.7108,3.5983,1775608460755382289
ecgclass,no_sharing,50.5508,79.8197,46.7671,45.5897,0.0023,0.4015,32.0108,33.0526,1775608460857319473
ecgclass,no_sharing,50.5641,66.591,46.7671,45.5897,0.0023,0.4015,18.7597,19.824,1775608460857319473
ecgclass,no_sharing,50.6595,47.425,45.0088,44.0473,0.0023,0.6601,1.4968,2.4163,1775608460935502769
ecgclass,no_sharing,50.7565,96.5371,94.2679,47.2579,0.0022,46.7046,1.5445,2.2692,1775608461032550743
ecgclass,no_sharing,50.7788,183.5618,108.7509,43.9454,0.0019,64.4982,74.0969,74.8109,1775608461127396214
ecgclass,no_sharing,51.3964,59.7229,57.8218,52.0101,0.0027,5.4342,1.1981,1.9011,1775608461672060066
ecgclass,no_sharing,51.4573,82.6261,80.7018,50.1513,0.0027,30.1849,1.2159,1.9243,1775608461732950846
ecgclass,no_sharing,51.6967,72.5813,70.3768,56.7289,0.0041,13.1343,1.2476,2.2045,1775608461972411703
ecgclass,no_sharing,51.7366,80.1911,46.8546,45.3101,0.0106,1.1531,32.4473,33.3366,1775608462043504023
ecgclass,no_sharing,51.838,58.3718,56.1369,44.1205,0.0022,11.6971,1.4272,2.2349,1775608462113887607
ecgclass,no_sharing,51.8563,125.0682,84.4738,47.0302,0.0023,12.379,39.8231,40.5944,1775608462170558883
ecgclass,no_sharing,51.8799,101.5656,84.4738,47.0302,0.0023,12.379,16.1624,17.0918,1775608462170558883
ecgclass,no_sharing,51.8825,99.1168,84.4738,47.0302,0.0023,12.379,13.5281,14.643,1775608462170558883
ecgclass,no_sharing,52.2065,48.7893,46.8164,45.3833,0.0029,1.0702,1.1432,1.9728,1775608462482129110
ecgclass,no_sharing,52.2764,76.1416,73.971,50.0739,0.0027,23.5339,1.344,2.1706,1775608462552245900
ecgclass,no_sharing,52.4142,99.7918,97.8015,61.1599,0.0025,36.2718,1.2133,1.9902,1775608462689885465
ecgclass,no_sharing,52.5883,103.097,101.1905,53.7008,0.0028,47.1202,1.2059,1.9064,1775608462863954782
ecgclass,no_sharing,52.6242,110.6024,42.7084,41.7237,0.0022,0.6209,67.1139,67.894,1775608462965759040
ecgclass,no_sharing,53.2108,88.7108,86.2517,70.9374,0.0041,14.7963,1.4067,2.4591,1775608463486664655
ecgclass,no_sharing,53.3207,92.8228,90.1838,50.2793,0.0023,39.5308,1.7776,2.639,1775608463596949256
ecgclass,no_sharing,53.3356,193.3365,114.5838,50.7773,0.0023,31.7251,77.6515,78.7527,1775608463687702601
ecgclass,no_sharing,53.3569,172.0762,114.5838,50.7773,0.0023,31.7251,56.3688,57.4924,1775608463687702601
ecgclass,no_sharing,53.4561,161.1996,87.6658,47.8214,0.0021,19.7032,72.48,73.5337,1775608463803093731
ecgclass,no_sharing,53.4815,135.8783,87.6658,47.8214,0.0021,19.7032,47.1363,48.2125,1775608463803093731
ecgclass,no_sharing,53.5466,131.3648,60.1278,40.0406,0.0022,19.7296,70.4305,71.237,1775608463891484992
ecgclass,no_sharing,53.6971,52.2015,50.0773,46.6889,0.0023,3.0929,1.2276,2.1242,1775608463972778646
ecgclass,no_sharing,53.7036,89.8747,43.6868,42.6981,0.0023,0.6446,45.3441,46.188,1775608464023407838
ecgclass,no_sharing,53.7765,75.1932,57.5652,44.3765,0.0024,12.8252,16.7816,17.628,1775608464067729809
ecgclass,no_sharing,54.0895,100.9364,98.8613,53.8058,0.0021,44.7501,1.3354,2.0751,1775608464365332687
ecgclass,no_sharing,54.1051,197.6156,111.6481,48.0315,0.0023,63.2866,85.2938,85.9675,1775608464464847573
ecgclass,no_sharing,54.2985,100.8375,95.9445,53.6956,0.0023,41.8752,4.1192,4.893,1775608464577094357
ecgclass,no_sharing,54.3091,172.8318,81.9245,52.0844,0.0024,29.4719,90.1153,90.9072,1775608464673660176
ecgclass,no_sharing,54.845,68.2316,65.8189,63.7862,0.0033,1.5776,1.5881,2.4127,1775608465121037171
ecgclass,no_sharing,54.8951,71.5883,52.9998,46.6987,0.0024,5.3505,17.8421,18.5885,1775608465187401853
ecgclass,no_sharing,54.944,77.4872,54.1814,47.7721,0.0024,6.0591,22.5463,23.3059,1775608465241025133
ecgclass,no_sharing,55.1627,54.6978,52.5724,44.9247,0.0024,7.3408,1.3511,2.1254,1775608465438536643
ecgclass,no_sharing,55.6138,63.4048,60.8963,59.5377,0.0036,0.9299,1.5171,2.5085,1775608465889810014
ecgclass,no_sharing,56.253,53.8599,51.0442,49.9645,0.0027,0.6656,1.5476,2.8158,1775608466529056665
ecgclass,no_sharing,56.5277,68.7335,66.651,43.6267,0.0022,22.7258,1.3382,2.0825,1775608466803546294
ecgclass,no_sharing,56.874,88.0167,85.6156,83.7068,0.0048,1.2422,1.5545,2.4012,1775608467150034977
ecgclass,no_sharing,57.0932,54.8687,52.434,51.3999,0.0027,0.7046,1.5395,2.4347,1775608467369245033
ecgclass,no_sharing,57.1317,63.9892,46.9962,45.9804,0.0025,0.6553,16.1598,16.9929,1775608467422381089
ecgclass,no_sharing,57.3654,47.0972,44.6846,43.7135,0.0022,0.6063,1.5202,2.4126,1775608467641397504
ecgclass,no_sharing,57.3983,55.8324,41.0602,39.763,0.0019,1.0001,13.8953,14.7722,1775608467686648773
ecgclass,no_sharing,57.5974,55.5136,52.8335,47.5351,0.0023,5.0077,1.7223,2.6801,1775608467873622096
ecgclass,no_sharing,57.7489,49.9575,47.3537,45.3563,0.0022,1.6551,1.6716,2.6038,1775608468025018250
ecgclass,no_sharing,57.8209,73.1297,70.7848,40.8413,0.002,29.646,1.4424,2.3448,1775608468096855025
ecgclass,no_sharing,57.9625,97.7521,95.3514,44.2312,0.002,50.7906,1.4987,2.4007,1775608468238443393
ecgclass,no_sharing,58.1437,41.6534,39.3375,36.8334,0.0018,2.1971,1.4329,2.3159,1775608468419650752
ecgclass,no_sharing,58.1893,68.5749,66.4439,33.658,0.0017,32.5353,1.3535,2.131,1775608468465089516
ecgclass,no_sharing,58.2729,81.5585,79.3812,36.2229,0.0019,42.9145,1.3726,2.1773,1775608468548720689
ecgclass,no_sharing,58.3576,95.2175,92.9891,42.8348,0.0019,49.9046,1.4448,2.2284,1775608468633550852
ecgclass,no_sharing,58.3807,181.6454,108.7908,43.6963,0.0017,32.3861,71.9728,72.8546,1775608468727117660
ecgclass,no_sharing,58.4384,124.0745,108.7908,43.6963,0.0017,32.3861,14.2536,15.2837,1775608468727117660
ecgclass,no_sharing,58.6435,58.7659,56.4528,34.4241,0.0017,21.7758,1.4381,2.3131,1775608468919373825
ecgclass,no_sharing,58.8828,58.4478,55.9006,38.4332,0.0019,17.1511,1.6246,2.5472,1775608469158886360
ecgclass,no_sharing,58.9986,40.0743,37.3774,36.3419,0.0103,0.5983,1.5032,2.697,1775608469274537032
ecgclass,no_sharing,59.1168,37.5211,34.6269,33.8227,0.0018,0.5056,2.0247,2.8942,1775608469393276636
ecgclass,no_sharing,59.1971,37.746,35.2004,34.4638,0.0018,0.495,1.3566,2.5455,1775608469472978028
ecgclass,no_sharing,59.43,41.5008,39.0253,38.1446,0.0019,0.5344,1.5359,2.4755,1775608469706053781
ecgclass,no_sharing,59.5114,44.3456,41.8872,40.1193,0.002,1.4759,1.5516,2.4584,1775608469787453129
ecgclass,no_sharing,59.7028,63.4573,60.8674,58.9976,0.0046,1.251,1.5881,2.5899,1775608469978865263
ecgclass,no_sharing,59.8315,54.7252,52.0786,50.9789,0.0025,0.719,1.7276,2.6466,1775608470107711400
ecgclass,no_sharing,59.9507,57.5197,55.1454,39.6757,0.002,15.1169,1.4825,2.3743,1775608470226617680
ecgclass,no_sharing,60.5254,45.2187,42.7034,41.7935,0.0022,0.6131,1.6222,2.5153,1775608470801468280
ecgclass,no_sharing,60.9545,54.5316,51.8493,50.0973,0.0024,0.692,1.7209,2.6822,1775608471230749328
ecgclass,no_sharing,61.1456,79.5283,76.9064,47.4002,0.0023,29.1359,1.6966,2.6219,1775608471421765854
ecgclass,no_sharing,61.3837,47.7452,45.2914,42.4256,0.0022,2.5076,1.5357,2.4538,1775608471659723609
ecgclass,no_sharing,61.4134,77.8432,59.2352,38.7467,0.002,20.1914,17.731,18.608,1775608471705656984
ecgclass,no_sharing,61.5065,49.4616,47.1771,34.3713,0.0017,12.5786,1.4188,2.2846,1775608471782379685
ecgclass,no_sharing,61.7668,65.4068,62.8494,47.9897,0.0024,14.5722,1.6198,2.5574,1775608472042863525
ecgclass,no_sharing,61.9719,41.9295,39.5407,38.7282,0.002,0.5522,1.5287,2.3888,1775608472247906566
ecgclass,no_sharing,62.019,40.3616,38.0218,36.9212,0.002,0.8291,1.4701,2.3398,1775608472294985111
ecgclass,no_sharing,62.6402,78.5172,75.9348,72.2147,0.0034,3.2315,1.6413,2.5824,1775608472916370386
ecgclass,no_sharing,62.648,132.1604,60.8091,59.7657,0.0023,0.6571,70.425,71.3513,1775608472992948883
ecgclass,no_sharing,62.8709,56.5729,54.13,52.4326,0.0025,0.6979,1.6332,2.4429,1775608473146985158
ecgclass,no_sharing,62.8906,94.707,57.4639,44.9403,0.0022,12.1832,36.4428,37.2431,1775608473201557668
ecgclass,no_sharing,63.3808,93.3127,90.7191,72.8438,0.0037,17.2958,1.698,2.5936,1775608473657025509
ecgclass,no_sharing,63.3982,153.2545,76.7203,52.6559,0.0021,23.7337,75.7179,76.5343,1775608473748449354
ecgclass,no_sharing,63.7088,62.9776,60.6003,53.9905,0.004,6.1172,1.4772,2.3772,1775608473984805529
ecgclass,no_sharing,63.7446,92.9971,65.1798,50.7959,0.0021,14.039,26.9301,27.8173,1775608474046026708
ecgclass,no_sharing,64.6527,58.6061,55.9858,47.2357,0.0026,8.3679,1.6913,2.6203,1775608474928851164
ecgclass,no_sharing,64.7699,47.6325,45.2138,44.2948,0.0022,0.619,1.5254,2.4187,1775608475045882992
ecgclass,no_sharing,65.0037,45.4593,43.1753,42.2984,0.0021,0.5918,1.4267,2.2839,1775608475279570204
ecgclass,no_sharing,65.1997,46.8748,44.4765,42.7801,0.0042,1.1816,1.4772,2.3983,1775608475475613803
ecgclass,no_sharing,65.3331,48.4369,45.9173,44.3552,0.0022,1.2403,1.6129,2.5196,1775608475609147811
ecgclass,no_sharing,65.6221,68.9619,66.4463,46.8925,0.0023,19.2445,1.7159,2.5156,1775608475898265057
ecgclass,no_sharing,65.7694,87.2517,84.6471,82.8381,0.0045,1.2144,1.6375,2.6045,1775608476045503725
ecgclass,no_sharing,66.3175,108.6125,106.0477,49.5159,0.0025,56.1624,1.7114,2.5648,1775608476593717670
ecgclass,no_sharing,66.3303,145.6954,49.2886,48.3138,0.0022,0.6524,95.5751,96.4068,1775608476700348612
ecgclass,no_sharing,67.4017,88.644,86.0687,78.1444,0.0041,7.3271,1.6527,2.5754,1775608477677823758
ecgclass,no_sharing,67.5677,76.2205,73.9198,42.1114,0.0021,31.4506,1.5042,2.3008,1775608477843714879
ecgclass,no_sharing,67.6261,106.8919,88.4135,47.679,0.009,40.3968,17.6389,18.4784,1775608477918185913
ecgclass,no_sharing,67.7437,91.2807,88.946,53.2259,0.0028,35.3277,1.4088,2.3347,1775608478019552414
ecgclass,no_sharing,67.9932,67.5523,65.2094,42.7436,0.0021,22.1202,1.4646,2.3429,1775608478269140539
ecgclass,no_sharing,68.1924,65.2425,62.792,52.7616,0.0035,9.5899,1.5688,2.4505,1775608478468453545
ecgclass,no_sharing,68.6093,62.7484,60.1916,53.0923,0.0027,6.7273,1.6682,2.5568,1775608478885478581
ecgclass,no_sharing,69.0644,66.957,64.4538,50.1755,0.0022,13.9066,1.6553,2.5032,1775608479340502760
ecgclass,no_sharing,69.2532,62.83,60.4959,38.607,0.0019,21.5544,1.4896,2.3341,1775608479529208944
ecgclass,no_sharing,69.5685,79.6187,77.1539,46.3297,0.0022,30.5047,1.6348,2.4648,1775608479844610333
ecgclass,no_sharing,69.7027,60.6725,58.0941,45.2492,0.0029,12.4575,1.4296,2.5785,1775608479978582422
ecgclass,no_sharing,69.7259,123.2202,85.0778,39.9779,0.0039,44.6319,37.4153,38.1424,1775608480037764598
ecgclass,no_sharing,69.8347,121.3095,106.3741,43.2439,0.0019,62.7966,14.2286,14.9354,1775608480123396335
ecgclass,no_sharing,69.893,115.1938,51.6102,44.462,0.0018,6.8468,62.9394,63.5837,1775608480230380810
ecgclass,no_sharing,70.2882,57.7662,55.4607,45.2944,0.0021,9.8923,1.5173,2.3055,1775608480564214653
ecgclass,no_sharing,70.3333,55.9595,42.8091,41.8755,0.0019,0.5401,12.4755,13.1504,1775608480620268957
ecgclass,no_sharing,70.5887,43.1154,40.9127,39.5996,0.0021,0.5686,1.4243,2.2027,1775608480864558339
ecgclass,no_sharing,71.0426,58.9662,56.7317,39.9859,0.002,16.4868,1.4381,2.2344,1775608481318508454
ecgclass,no_sharing,71.0701,68.5201,36.4305,35.6422,0.0018,0.5071,31.3938,32.0896,1775608481375995310
ecgclass,no_sharing,71.2597,86.2238,83.5439,81.6337,0.0047,1.3055,1.6351,2.6799,1775608481535793637
ecgclass,no_sharing,71.7811,72.9115,70.4646,43.2004,0.0022,26.9053,1.5063,2.4469,1775608482057040433
ecgclass,no_sharing,71.8844,54.1258,51.8724,40.1553,0.0021,11.4354,1.4811,2.2534,1775608482160332082
ecgclass,no_sharing,71.9833,72.4976,70.5635,40.3832,0.002,29.9016,1.2116,1.9341,1775608482258996969
ecgclass,no_sharing,72.1172,37.261,34.906,34.1678,0.0017,0.4907,1.4873,2.355,1775608482393134594
ecgclass,no_sharing,72.1566,37.1954,34.9093,34.1781,0.0018,0.5012,1.4219,2.2862,1775608482432528030
ecgclass,no_sharing,72.1936,39.5799,37.4751,33.4219,0.0018,3.8142,1.2736,2.1048,1775608482469324072
ecgclass,no_sharing,72.8139,91.3532,89.1212,45.8376,0.002,42.958,1.6687,2.232,1775608483090054409
ecgclass,no_sharing,73.2949,52.428,50.177,36.7582,0.0019,13.1682,1.5736,2.2511,1775608483570967043
ecgclass,no_sharing,73.4123,80.0021,77.8536,42.2487,0.0018,35.268,1.431,2.1485,1775608483688177992
ecgclass,no_sharing,73.4768,94.363,78.2964,37.9614,0.0019,40.0378,15.4419,16.0666,1775608483766706888
ecgclass,no_sharing,73.7457,55.2981,53.1913,52.0572,0.0028,0.7697,1.3404,2.1068,1775608484021525206
ecgclass,no_sharing,74.6155,54.9607,52.2657,48.1361,0.0023,3.7539,1.7765,2.695,1775608484891740122
ecgclass,no_sharing,75.0486,83.5238,81.0675,79.3054,0.0043,1.1667,1.5752,2.4562,1775608485324642544
ecgclass,no_sharing,75.1463,45.8364,43.4766,42.4983,0.0022,0.6266,1.5306,2.3599,1775608485422329567
ecgclass,no_sharing,75.2784,52.1214,49.7377,48.7536,0.0025,0.6718,1.6799,2.3837,1775608485554565789
ecgclass,no_sharing,75.4971,57.9851,55.5263,51.8215,0.0026,3.3786,1.6978,2.4588,1775608485773323279
ecgclass,no_sharing,75.6476,84.2464,82.021,49.5198,0.002,32.1542,1.4968,2.2254,1775608485923618663
ecgclass,no_sharing,75.7126,104.1751,84.114,55.4986,0.0028,28.2201,19.2804,20.0611,1775608486006363742
ecgclass,no_sharing,75.7767,128.5722,87.9652,52.61,0.0023,34.9344,39.9191,40.6071,1775608486091143243
ecgclass,no_sharing,75.9937,46.4027,44.1029,42.1039,0.0019,1.6656,1.4369,2.2998,1775608486269578739
ecgclass,no_sharing,76.6923,51.363,48.9182,40.2782,0.0022,8.3021,1.5664,2.4448,1775608486968299719
ecgclass,no_sharing,76.73,51.2662,37.096,36.3003,0.0019,0.5077,13.3278,14.1702,1775608487017798211
ecgclass,no_sharing,76.9686,40.6296,38.3487,37.5526,0.0021,0.5392,1.4117,2.2809,1775608487244472316
ecgclass,no_sharing,77.4936,42.8925,40.4889,39.6199,0.0021,0.5438,1.5197,2.4036,1775608487769598133
ecgclass,no_sharing,77.4953,98.7227,56.9394,39.1525,0.0019,17.4922,40.966,41.7833,1775608487810726929
ecgclass,no_sharing,77.6053,37.478,35.2239,34.4635,0.0019,0.5212,1.4255,2.2541,1775608487881247817
ecgclass,no_sharing,77.875,52.3436,50.175,47.5251,0.0024,2.34,1.5328,2.1686,1775608488151053704
ecgclass,no_sharing,78.3293,47.5359,45.1049,41.8506,0.0022,2.3815,1.5526,2.431,1775608488605352583
ecgclass,no_sharing,78.8932,71.6686,69.0304,67.6157,0.0033,0.9257,1.698,2.6382,1775608489169366545
ecgclass,no_sharing,78.9594,57.5237,51.4274,50.4239,0.0021,0.6384,5.2042,6.0963,1775608489239128820
ecgclass,no_sharing,78.9751,80.7433,38.2962,37.4813,0.0019,0.5206,41.6055,42.4471,1775608489291143386
ecgclass,no_sharing,79.0422,63.8783,49.6367,35.486,0.0018,13.8622,13.4189,14.2416,1775608489330061967
ecgclass,no_sharing,79.2045,43.9866,41.6685,40.7645,0.0022,0.6201,1.4811,2.3181,1775608489480443651
ecgclass,no_sharing,79.2567,44.9326,42.7016,41.7924,0.0021,0.623,1.4679,2.231,1775608489532628273
ecgclass,no_sharing,79.3428,60.6911,58.4113,41.7118,0.0022,16.4132,1.4341,2.2798,1775608489618729329
ecgclass,no_sharing,79.6274,63.1132,60.7513,43.9533,0.0031,16.3962,1.5159,2.3619,1775608489903409417
ecgclass,no_sharing,79.6301,144.7341,83.614,62.7394,0.0026,20.4098,60.2245,61.1202,1775608489964819099
ecgclass,no_sharing,79.9854,78.9831,76.6832,56.3504,0.0025,19.9386,1.4861,2.2999,1775608490261412470
ecgclass,no_sharing,79.9901,184.8974,110.0183,65.0391,0.0027,44.5534,74.0499,74.8791,1775608490338678689
ecgclass,no_sharing,80.1812,109.0944,106.8828,55.6697,0.0022,50.8571,1.3704,2.2116,1775608490457093727
ecgclass,no_sharing,80.1929,252.99,154.6467,70.2304,0.0026,41.9669,97.2099,98.3433,1775608490564623243
ecgclass,no_sharing,80.2575,188.5757,154.6467,70.2304,0.0026,41.9669,32.5942,33.9291,1775608490564623243
ecgclass,no_sharing,80.3736,139.7817,66.8592,51.4768,0.0023,14.9572,72.0651,72.9226,1775608490720101021
ecgclass,no_sharing,80.8103,61.1873,58.4188,57.2622,0.0029,0.7901,1.708,2.7685,1775608491086507973
ecgclass,no_sharing,80.8518,72.7172,52.5124,47.0577,0.0024,5.0506,19.3269,20.2048,1775608491145612889
ecgclass,no_sharing,81.6293,51.4731,48.9757,45.5605,0.0027,3.0767,1.6301,2.4974,1775608491905437499
ecgclass,no_sharing,82.0647,68.0289,65.5092,59.594,0.003,5.4613,1.672,2.5197,1775608492340821468
ecgclass,no_sharing,82.0813,240.5765,188.1675,53.5883,0.0022,44.7318,51.095,52.409,1775608492406870733
ecgclass,no_sharing,82.0831,238.827,188.1675,53.5883,0.0022,44.7318,49.3228,50.6594,1775608492406870733
ecgclass,no_sharing,82.1165,205.4076,188.1675,53.5883,0.0022,44.7318,15.8708,17.2401,1775608492406870733
ecgclass,no_sharing,82.3117,88.8848,78.201,73.4267,0.004,4.2117,9.7418,10.6839,1775608492595894645
ecgclass,no_sharing,83.5462,89.0958,87.1586,43.1501,0.0024,43.6941,1.241,1.9372,1775608493821954989
ecgclass,no_sharing,83.6161,101.1674,81.5237,49.0628,0.002,32.157,18.8868,19.6437,1775608493909478617
ecgclass,no_sharing,83.8963,98.9666,96.7978,43.2841,0.0024,53.194,1.395,2.1688,1775608494172212976
ecgclass,no_sharing,83.9126,181.5691,98.3702,46.3724,0.0018,51.7211,82.4077,83.1989,1775608494269448384
ecgclass,no_sharing,84.2248,110.6565,108.7222,49.823,0.0028,58.5469,1.1764,1.9343,1775608494500492090
ecgclass,no_sharing,84.6232,64.7376,62.5161,60.0565,0.0033,2.0422,1.3287,2.2214,1775608494898990297
ecgclass,no_sharing,85.0661,91.5742,88.8524,86.9379,0.0045,1.284,1.744,2.7218,1775608495342308901
ecgclass,no_sharing,85.5169,65.8138,63.4513,49.7415,0.0025,13.3341,1.5082,2.3625,1775608495792939903
ecgclass,no_sharing,85.8452,53.1921,50.887,47.8823,0.0026,2.6755,1.3971,2.3051,1775608496121080837
ecgclass,no_sharing,85.8619,85.6636,48.5972,46.6884,0.0022,1.5506,36.2086,37.0664,1775608496172624299
ecgclass,no_sharing,86.0268,56.1867,53.73,48.5595,0.0023,4.2219,1.5571,2.4566,1775608496302874367
ecgclass,no_sharing,86.1141,50.0674,47.7233,46.7719,0.0024,0.6498,1.4193,2.3442,1775608496390019433
ecgclass,no_sharing,86.2084,60.2932,57.8305,50.4715,0.0031,6.9701,1.5407,2.4627,1775608496484427876
ecgclass,no_sharing,86.6549,66.8859,64.2537,61.7492,0.003,2.1006,1.6739,2.6323,1775608496931017854
ecgclass,no_sharing,87.0864,52.0759,49.5963,48.54,0.0025,0.6624,1.6625,2.4796,1775608497362498279
ecgclass,no_sharing,87.3193,48.1575,46.0231,44.9936,0.0024,0.6448,1.3421,2.1344,1775608497595129766
ecgclass,no_sharing,87.3697,47.2498,45.2086,44.2004,0.0024,0.6878,1.2364,2.0412,1775608497645390459
ecgclass,no_sharing,87.5905,51.3942,49.234,48.3263,0.0022,0.6141,1.3134,2.1602,1775608497866268428
ecgclass,no_sharing,87.6481,47.5435,45.4425,42.576,0.0022,2.588,1.2283,2.1011,1775608497923777983
ecgclass,no_sharing,87.9444,113.5042,111.4378,43.8851,0.0021,67.2266,1.3037,2.0664,1775608498220178027
ecgclass,no_sharing,87.9831,158.3393,83.2164,44.0923,0.002,38.8382,74.3811,75.1228,1775608498331968448
ecgclass,no_sharing,88.2216,75.6121,73.4085,55.7769,0.0025,17.228,1.42,2.2036,1775608498497517574
ecgclass,no_sharing,88.3153,51.8618,49.7525,48.6489,0.0027,0.7527,1.272,2.1093,1775608498591099056
ecgclass,no_sharing,88.3352,71.6572,39.3435,38.5285,0.0019,0.5296,31.5633,32.3137,1775608498641250715
ecgclass,no_sharing,88.6099,40.9811,38.9474,37.9566,0.002,0.6253,1.184,2.0337,1775608498885529677
ecgclass,no_sharing,88.6355,55.0821,39.4879,37.3827,0.0021,1.8423,14.8251,15.5942,1775608498924847900
ecgclass,no_sharing,89.4899,59.6185,57.4103,43.1556,0.0023,13.8776,1.4181,2.2082,1775608499765820043
ecgclass,no_sharing,89.6224,48.7947,46.5391,39.1964,0.0019,7.0098,1.375,2.2557,1775608499898217928
ecgclass,no_sharing,89.6926,69.3974,67.1771,38.617,0.0019,28.3007,1.3802,2.2203,1775608499968428023
ecgclass,no_sharing,89.7344,89.3922,61.244,43.354,0.002,17.5756,27.3089,28.1482,1775608500036154354
ecgclass,no_sharing,89.8787,78.335,76.4074,37.6988,0.002,38.4126,1.1575,1.9276,1775608500154380033
ecgclass,no_sharing,90.1566,59.2544,57.2075,40.2878,0.0018,16.6405,1.2288,2.0469,1775608500432276855
ecgclass,no_sharing,90.5127,41.9619,39.9048,39.0294,0.0019,0.5961,1.2851,2.0571,1775608500788429460
ecgclass,no_sharing,90.688,70.6003,68.5433,35.2695,0.0019,32.939,1.2059,2.057,1775608500963721283
ecgclass,no_sharing,91.3656,59.8838,57.3216,50.8261,0.0025,6.1138,1.6487,2.5622,1775608501641692058
ecgclass,no_sharing,91.6764,42.5982,40.2895,39.3935,0.002,0.5572,1.42,2.3087,1775608501952303637
ecgclass,no_sharing,91.7121,47.1227,39.705,38.8555,0.0021,0.5212,6.5324,7.4177,1775608501993143775
ecgclass,no_sharing,92.3585,88.5656,86.3529,84.0921,0.0027,1.8715,1.3933,2.2127,1775608502634367343
ecgclass,no_sharing,92.4398,72.0723,64.3502,54.921,0.0023,9.1256,6.9036,7.722,1775608502721220451
ecgclass,no_sharing,93.12,93.7808,91.0143,89.081,0.0044,1.3174,1.75,2.7665,1775608503396281314
ecgclass,no_sharing,93.1815,92.8009,59.7759,58.601,0.0027,0.7259,32.0544,33.025,1775608503488059756
ecgclass,no_sharing,93.2865,52.3536,49.9027,47.1827,0.0025,1.7734,1.6048,2.4509,1775608503562619801
ecgclass,no_sharing,93.5156,45.7997,43.7767,42.7532,0.0025,0.6362,1.1992,2.023,1775608503791274485
ecgclass,no_sharing,93.5314,76.8955,46.4741,45.4716,0.0025,0.6366,29.5825,30.4214,1775608503835499938
ecgclass,no_sharing,94.0581,50.2422,47.8679,45.7617,0.0023,1.7369,1.5066,2.3743,1775608504334118169
ecgclass,no_sharing,94.1475,47.344,45.143,44.1878,0.0024,0.6495,1.24,2.2009,1775608504423249765
ecgclass,no_sharing,94.1991,49.9668,47.776,46.4161,0.0024,1.0466,1.2383,2.1908,1775608504474795719
ecgclass,no_sharing,94.2118,263.6528,225.4763,46.2468,0.0024,59.6105,37.0128,38.1765,1775608504523279089
ecgclass,no_sharing,94.2165,258.99,225.4763,46.2468,0.0024,59.6105,32.3272,33.5138,1775608504523279089
ecgclass,no_sharing,94.2222,253.3109,225.4763,46.2468,0.0024,59.6105,26.6168,27.8346,1775608504523279089
ecgclass,no_sharing,94.2989,296.3617,119.2128,44.74,0.0018,37.072,176.2199,177.1488,1775608504749652696
ecgclass,no_sharing,94.3717,223.6795,119.2128,44.74,0.0018,37.072,103.5154,104.4667,1775608504749652696
ecgclass,no_sharing,94.5758,72.2201,52.2704,38.7585,0.0018,13.2112,19.1212,19.9496,1775608504869404512
ecgclass,no_sharing,95.034,82.588,80.36,49.0566,0.0022,30.9626,1.4846,2.228,1775608505309917613
ecgclass,no_sharing,95.2678,87.0354,84.6153,80.1185,0.004,2.8422,1.5805,2.4201,1775608505543817983
ecgclass,no_sharing,95.4863,47.8678,45.7319,44.2916,0.0024,1.0612,1.2956,2.1359,1775608505762106403
ecgclass,no_sharing,95.5975,53.0717,50.8885,44.817,0.0025,5.751,1.3456,2.1832,1775608505873290202
ecgclass,no_sharing,95.7908,86.4379,84.3605,81.9165,0.0039,1.8488,1.2393,2.0774,1775608506066511118
ecgclass,no_sharing,95.9507,48.5022,45.9129,44.9287,0.0024,0.6531,1.6241,2.5893,1775608506226852386
ecgclass,no_sharing,95.9615,92.0365,53.5997,45.5561,0.0023,7.6696,37.4913,38.4368,1775608506273436033
ecgclass,no_sharing,96.0154,88.5704,49.5724,48.5628,0.0023,0.663,37.7641,38.998,1775608506327689122
ecgclass,no_sharing,96.0677,141.952,105.3672,45.7265,0.0024,29.6395,35.6612,36.5848,1775608506377842149
ecgclass,no_sharing,96.0827,126.9474,105.3672,45.7265,0.0024,29.6395,20.6342,21.5802,1775608506377842149
ecgclass,no_sharing,96.1741,116.8694,80.6296,44.2669,0.0022,17.9982,35.2364,36.2398,1775608506483790139
ecgclass,no_sharing,96.1858,105.1211,80.6296,44.2669,0.0022,17.9982,23.4654,24.4915,1775608506483790139
ecgclass,no_sharing,96.4864,45.0604,43.0,42.039,0.0023,0.6397,1.1148,2.0604,1775608506762029580
ecgclass,no_sharing,96.7948,46.8264,44.819,43.0171,0.0025,0.6599,1.2128,2.0073,1775608507070487847
ecgclass,no_sharing,96.8165,72.2716,46.5684,45.6182,0.0023,0.3114,24.7474,25.7032,1775608507115712231
ecgclass,no_sharing,96.8332,55.5785,46.5684,45.6182,0.0023,0.3114,8.0311,9.0101,1775608507115712231
ecgclass,no_sharing,97.4598,48.897,46.653,45.6367,0.0024,0.645,1.456,2.2441,1775608507735699906
ecgclass,no_sharing,97.5225,62.1057,60.0988,44.4598,0.0023,15.32,1.2565,2.0068,1775608507798249604
ecgclass,no_sharing,97.663,39.079,36.7935,36.0313,0.0019,0.518,1.4005,2.2855,1775608507938834864
ecgclass,no_sharing,97.7863,44.7896,42.2019,41.0387,0.0115,0.7068,1.3995,2.5877,1775608508062154782
ecgclass,no_sharing,98.0403,50.091,47.2975,42.5912,0.0025,4.3888,1.9751,2.7936,1775608508316750675
ecgclass,no_sharing,98.2475,83.2036,80.3536,44.4327,0.0023,35.6042,1.9119,2.8499,1775608508523856911
ecgclass,no_sharing,98.7056,71.5842,68.9621,67.0047,0.005,1.3657,1.4455,2.6221,1775608508981573611
ecgclass,no_sharing,98.7434,113.8916,79.2598,52.726,0.0025,26.1758,33.6807,34.6318,1775608509051588543
ecgclass,no_sharing,98.9499,67.7617,65.1351,40.7976,0.0021,24.0324,1.7223,2.6266,1775608509226105134
ecgclass,no_sharing,99.0359,115.6292,112.9122,43.5317,0.0019,69.1172,1.7638,2.717,1775608509312184366
ecgclass,no_sharing,99.1788,59.6466,57.6433,36.2651,0.002,21.1351,1.1406,2.0033,1775608509454397963
ecgclass,no_sharing,100.0075,114.387,112.0332,85.7551,0.0041,25.667,1.5991,2.3538,1775608510283602450
ecgclass,no_sharing,100.1155,70.529,63.4046,44.136,0.0025,18.96,6.3322,7.1243,1775608510396336977
ecgclass,no_sharing,100.3516,88.855,86.4716,84.4068,0.0044,1.4375,1.4975,2.3834,1775608510627619086
ecgclass,no_sharing,100.4807,53.2699,51.1302,47.9801,0.0024,2.8264,1.3599,2.1396,1775608510756585383
ecgclass,no_sharing,100.5188,110.4176,94.5745,49.5705,0.0024,22.3262,14.9176,15.8431,1775608510808229410
ecgclass,no_sharing,100.5225,106.7255,94.5745,49.5705,0.0024,22.3262,11.2023,12.151,1775608510808229410
ecgclass,no_sharing,100.8363,104.6975,102.1802,50.2088,0.002,51.6229,1.7383,2.5172,1775608511112540592
ecgclass,no_sharing,100.8542,158.6185,71.1738,45.996,0.0021,12.4212,86.5123,87.4446,1775608511215214882
ecgclass,no_sharing,100.8929,119.9336,71.1738,45.996,0.0021,12.4212,47.8051,48.7598,1775608511215214882
ecgclass,no_sharing,101.0758,47.2031,44.787,43.8096,0.0023,0.6653,1.1737,2.4161,1775608511351459367
ecgclass,no_sharing,101.151,71.7793,69.5606,47.2837,0.0021,21.949,1.3494,2.2186,1775608511426874203
ecgclass,no_sharing,101.2729,55.9011,53.8067,42.6395,0.0022,10.8712,1.2648,2.0944,1775608511548622272
ecgclass,no_sharing,101.3994,50.4794,48.3359,36.8209,0.0022,11.0937,1.312,2.1435,1775608511675172965
ecgclass,no_sharing,101.4031,85.1488,37.7888,35.6899,0.002,1.8236,46.5031,47.36,1775608511724063111
ecgclass,no_sharing,101.8457,75.1863,72.6402,70.1486,0.0038,1.9481,1.6661,2.5461,1775608512121801922
ecgclass,no_sharing,102.6556,105.2639,103.1378,46.4772,0.0022,56.3488,1.3123,2.1262,1775608512931424072
ecgclass,no_sharing,102.7921,65.8543,63.4065,46.8242,0.0019,16.3238,1.2894,2.4479,1775608513067862493
ecgclass,no_sharing,102.8745,117.6553,115.3035,43.2672,0.002,71.775,1.5798,2.3518,1775608513150544712
ecgclass,no_sharing,103.3299,59.7072,57.6766,54.8108,0.003,2.4655,1.2131,2.0306,1775608513605642680
ecgclass,no_sharing,103.4365,89.0944,86.9659,59.4555,0.0028,27.1073,1.3361,2.1285,1775608513712290898
ecgclass,no_sharing,103.6306,48.701,46.6041,44.987,0.0024,0.666,1.2283,2.0969,1775608513906328784
ecgclass,no_sharing,104.0444,62.68,60.6382,42.5502,0.0022,17.7226,1.4753,2.0418,1775608514320398394
ecgclass,no_sharing,104.1313,47.6792,45.4043,40.1865,0.0022,4.9334,1.4448,2.2749,1775608514407246605
ecgclass,no_sharing,104.5172,47.9329,45.8769,44.9035,0.0023,0.6455,1.2398,2.056,1775608514792949355
ecgclass,no_sharing,104.7452,73.4055,70.7586,41.9858,0.0022,28.427,1.8151,2.6469,1775608515021464223
ecgclass,no_sharing,104.9505,84.3883,82.2577,47.3465,0.0021,34.6362,1.3611,2.1305,1775608515226327166
ecgclass,no_sharing,105.3031,81.7482,79.3098,77.1993,0.004,1.5408,1.5233,2.4384,1775608515579143699
ecgclass,no_sharing,105.3059,168.0882,88.3451,60.2502,0.0025,13.8153,78.8407,79.7431,1775608515659181166
ecgclass,no_sharing,105.3808,93.1685,88.3451,60.2502,0.0025,13.8153,3.8972,4.8234,1775608515659181166
ecgclass,no_sharing,105.4258,110.0464,61.4392,47.8492,0.0023,13.2071,47.8315,48.6072,1775608515748158697
ecgclass,no_sharing,105.4912,90.5645,45.3477,44.3561,0.0023,0.6543,44.3978,45.2168,1775608515810040642
ecgclass,no_sharing,105.5761,60.6525,54.6132,44.0152,0.0024,10.2435,5.2729,6.0393,1775608515855848558
ecgclass,no_sharing,105.6273,93.8323,83.9592,47.997,0.0023,35.6344,9.0644,9.8731,1775608515910867926
ecgclass,no_sharing,105.7468,69.9909,68.0706,44.2901,0.0024,23.4699,1.1694,1.9203,1775608516022457540
ecgclass,no_sharing,105.8168,49.422,47.4771,46.5369,0.0024,0.6354,1.1525,1.945,1775608516092452554
ecgclass,no_sharing,105.9291,85.1982,83.0532,48.2006,0.0025,34.5294,1.3609,2.145,1775608516204981079
ecgclass,no_sharing,106.0596,46.5262,44.2141,43.2629,0.0025,0.6479,1.4756,2.3121,1775608516335524841
ecgclass,no_sharing,106.1143,58.6431,56.6715,44.2626,0.0023,12.1053,1.2436,1.9716,1775608516390024622
ecgclass,no_sharing,106.3081,52.7196,50.1195,46.3396,0.01,3.4552,1.4973,2.6001,1775608516584090597
ecgclass,no_sharing,106.5427,56.8738,54.0739,52.987,0.0027,0.7031,1.8609,2.7999,1775608516819024629
ecgclass,no_sharing,106.8549,97.9066,95.769,49.3467,0.0023,46.0881,1.3943,2.1376,1775608517130782351
ecgclass,no_sharing,106.902,109.8406,58.6291,48.05,0.0023,10.2326,50.492,51.2115,1775608517226954891
ecgclass,no_sharing,107.1001,63.1366,60.9482,42.0635,0.0021,18.6078,1.4458,2.1883,1775608517376004859
ecgclass,no_sharing,107.3735,53.2372,50.9204,42.4904,0.0022,8.1234,1.5182,2.3168,1775608517649506468
ecgclass,no_sharing,107.3843,109.3831,66.464,38.8031,0.0019,27.3526,42.1896,42.9191,1775608517700933622
ecgclass,no_sharing,107.4968,45.8968,43.92,36.7033,0.0019,6.9633,1.1773,1.9768,1775608517772498014
ecgclass,no_sharing,107.6875,66.1004,64.1023,42.7523,0.0021,21.0506,1.2455,1.9981,1775608517963182566
ecgclass,no_sharing,107.7463,68.0735,60.3525,55.5296,0.003,4.4445,6.8741,7.721,1775608518027690444
ecgclass,no_sharing,108.1141,48.013,45.677,44.7831,0.0022,0.6073,1.4756,2.336,1775608518390092555
ecgclass,no_sharing,108.3729,92.093,89.5138,86.3367,0.0047,2.5673,1.6103,2.5792,1775608518649013983
ecgclass,no_sharing,108.4116,135.603,81.5878,59.4963,0.0024,21.6691,53.118,54.0152,1775608518739236205
ecgclass,no_sharing,108.5308,71.9671,54.9713,47.7756,0.0024,6.8402,16.1729,16.9958,1775608518821418481
ecgclass,no_sharing,109.2026,67.3447,65.0156,61.9066,0.0044,1.3793,1.3666,2.3291,1775608519478481389
ecgclass,no_sharing,109.3604,58.2213,55.7981,44.7252,0.0025,10.7211,1.5922,2.4232,1775608519636497358
ecgclass,no_sharing,109.6452,56.9167,54.5096,51.566,0.0028,2.6159,1.5666,2.4071,1775608519921283659
ecgclass,no_sharing,110.1409,44.3468,42.3083,41.3573,0.0023,0.5897,1.2887,2.0385,1775608520416661897
ecgclass,no_sharing,110.2598,51.2338,49.1316,44.687,0.0024,4.0805,1.3428,2.1022,1775608520535583708
ecgclass,no_sharing,110.2795,85.6085,53.5667,44.1656,0.0024,9.0717,31.2769,32.0418,1775608520585211072
ecgclass,no_sharing,110.3275,109.4444,71.4637,52.2443,0.0023,18.8805,37.2176,37.9807,1775608520639236099
ecgclass,no_sharing,110.4602,49.6225,47.5666,44.9521,0.0025,2.299,1.2751,2.056,1775608520735945753
ecgclass,no_sharing,110.5779,58.8663,56.9704,42.5402,0.0022,14.1306,1.236,1.8959,1775608520853663752
ecgclass,no_sharing,110.7409,49.0189,47.1759,46.1239,0.0027,0.7294,1.1344,1.843,1775608521016565278
ecgclass,no_sharing,111.0034,57.0045,54.4403,49.4323,0.0025,4.6561,1.6775,2.5641,1775608521279594223
ecgclass,no_sharing,111.3077,86.5231,84.1528,43.9914,0.0021,39.821,1.5607,2.3702,1775608521583735172
ecgclass,no_sharing,111.5214,53.6199,51.2196,50.2781,0.0024,0.6406,1.5545,2.4003,1775608521797388686
ecgclass,no_sharing,112.0935,66.5064,63.8815,51.0019,0.0026,12.4675,1.7798,2.6249,1775608522369812008
ecgclass,no_sharing,112.8156,53.8862,51.2832,49.6247,0.0025,1.28,1.6994,2.603,1775608523091818095
ecgclass,no_sharing,113.0774,59.5431,56.8805,51.7982,0.0026,4.7529,1.7505,2.6626,1775608523353665908
ecgclass,no_sharing,113.4666,95.0046,92.417,90.4433,0.0049,1.3379,1.677,2.5875,1775608523742766840
ecgclass,no_sharing,113.5698,60.1861,58.0352,54.8064,0.0027,2.8744,1.3535,2.1509,1775608523845664131
ecgclass,no_sharing,113.5986,82.7928,50.9981,50.0239,0.0024,0.647,31.0252,31.7947,1775608523904089401
ecgclass,no_sharing,113.7663,77.668,75.1397,73.5202,0.0041,1.0806,1.5633,2.5283,1775608524042316361
ecgclass,no_sharing,114.2848,64.7733,62.0614,41.7194,0.0026,20.0374,1.7815,2.7119,1775608524561104584
ecgclass,no_sharing,114.3162,108.9854,74.8217,46.8576,0.0023,27.4888,33.3478,34.1637,1775608524623988579
ecgclass,no_sharing,114.4046,67.5797,46.4848,45.5344,0.0025,0.6501,20.2837,21.0949,1775608524699321953
ecgclass,no_sharing,114.6041,76.8337,74.7561,50.6225,0.0025,23.8053,1.3287,2.0776,1775608524879951267
ecgclass,no_sharing,114.7189,70.9932,68.9241,49.075,0.0025,19.4614,1.281,2.0691,1775608524994626032
ecgclass,no_sharing,114.7292,140.9657,79.9139,49.3431,0.0024,30.2503,60.3592,61.0518,1775608525064091044
ecgclass,no_sharing,115.5604,93.678,91.1228,88.9288,0.0046,1.5663,1.6074,2.5552,1775608525836496920
ecgclass,no_sharing,115.7158,91.1496,88.9131,85.8804,0.0045,2.4282,1.3909,2.2365,1775608525991692362
ecgclass,no_sharing,115.7744,93.9155,60.5512,58.9181,0.0025,1.266,32.4569,33.3643,1775608526081330502
ecgclass,no_sharing,115.8743,65.5785,63.2167,45.4017,0.0025,17.5022,1.5314,2.3618,1775608526150296994
ecgclass,no_sharing,115.88,158.8609,98.5521,48.0941,0.0027,50.1056,59.5603,60.3088,1775608526214038417
ecgclass,no_sharing,116.041,100.1413,98.2039,42.044,0.0024,55.2811,1.1454,1.9374,1775608526316675981
ecgclass,no_sharing,116.3708,47.0881,45.0541,44.0534,0.0023,0.6804,1.1866,2.034,1775608526646518128
ecgclass,no_sharing,116.531,74.2533,72.3241,41.8268,0.0023,30.2089,1.1756,1.9292,1775608526806669705
ecgclass,no_sharing,116.83,87.712,84.9161,82.346,0.0046,1.9437,1.7939,2.7959,1775608527106243961
ecgclass,no_sharing,116.9634,50.0636,47.8567,45.8737,0.0024,1.6172,1.4176,2.2069,1775608527239283587
ecgclass,no_sharing,117.2545,48.0628,45.3999,44.3854,0.0024,0.6479,1.76,2.6629,1775608527530724497
ecgclass,no_sharing,117.3958,49.9599,47.497,46.4656,0.0024,0.6562,1.5757,2.4629,1775608527671883106
ecgclass,no_sharing,117.6004,53.5345,50.7966,47.4663,0.0024,3.0088,1.8482,2.7379,1775608527876766894
ecgclass,no_sharing,117.9851,111.3045,108.9647,52.2872,0.0028,56.2558,1.5655,2.3398,1775608528261138890
ecgclass,no_sharing,118.8632,110.1258,107.8296,56.2315,0.0028,51.19,1.6253,2.2962,1775608529139351972
ecgclass,no_sharing,118.9717,103.1187,101.044,41.3856,0.002,59.2966,1.4,2.0746,1775608529247583379
ecgclass,no_sharing,119.6599,64.7926,62.6664,42.8296,0.0022,19.5329,1.3533,2.1263,1775608529935747491
ecgclass,no_sharing,119.6826,121.9444,79.3172,70.0562,0.0041,8.7022,41.6751,42.6272,1775608529998774652
ecgclass,no_sharing,119.8654,121.1779,118.5109,90.5472,0.0042,27.3725,1.7569,2.667,1775608530141676161
ecgclass,no_sharing,120.0049,100.7779,98.4026,85.7327,0.0041,12.0704,1.4882,2.3753,1775608530280879930
ecgclass,no_sharing,120.1779,47.4479,45.0323,44.0361,0.0024,0.6372,1.5082,2.4156,1775608530453841376
ecgclass,no_sharing,120.5473,48.9521,46.7982,45.8154,0.0023,0.6449,1.3766,2.1539,1775608530823167446
ecgclass,no_sharing,120.6461,47.8854,45.5911,42.7239,0.0022,2.5638,1.405,2.2943,1775608530922027988
ecgclass,no_sharing,121.4857,81.4402,78.9153,77.0899,0.0045,1.2033,1.5397,2.5249,1775608531761705587
ecgclass,no_sharing,121.6459,74.594,71.7538,44.4613,0.0025,26.9704,1.7719,2.8402,1775608531922178464
ecgclass,no_sharing,121.9376,58.8522,56.2812,54.4952,0.0028,1.4314,1.6329,2.571,1775608532213692737
ecgclass,no_sharing,122.1155,68.7916,66.4788,47.4109,0.0022,18.7716,1.4424,2.3129,1775608532391411598
ecgclass,no_sharing,122.2623,89.8087,87.3225,47.6574,0.0025,39.2956,1.5898,2.4862,1775608532538397627
ecgclass,no_sharing,122.3771,48.0564,45.7035,44.6971,0.0023,0.6531,1.4975,2.3529,1775608532653125580
ecgclass,no_sharing,122.3829,100.5375,57.5212,42.9461,0.0022,14.2269,42.1472,43.0163,1775608532699480426
ecgclass,no_sharing,123.1687,62.9904,60.5817,58.9699,0.0033,1.1715,1.4966,2.4087,1775608533444667423
ecgclass,no_sharing,123.3763,87.5843,85.0857,81.414,0.004,3.0625,1.7078,2.4985,1775608533652535065
ecgclass,no_sharing,123.9287,74.8789,72.2726,54.5803,0.0025,17.2939,1.6878,2.6064,1775608534204910935
ecgclass,no_sharing,124.7371,97.034,94.5332,85.8824,0.0053,7.9849,1.5256,2.5008,1775608535013063666
ecgclass,no_sharing,125.0475,113.9812,111.5795,57.794,0.0022,53.4065,1.6265,2.4018,1775608535323587956
ecgclass,no_sharing,125.1427,106.282,86.6258,51.9843,0.0024,34.2978,18.8074,19.6562,1775608535435995826
ecgclass,no_sharing,125.2702,85.3183,82.813,48.0019,0.0022,34.5112,1.595,2.5053,1775608535546256575
ecgclass,no_sharing,125.2902,182.1258,116.1977,50.486,0.0023,65.3581,65.0771,65.9281,1775608535629725538
ecgclass,no_sharing,125.7642,64.98,62.7276,59.9132,0.0032,2.3613,1.4369,2.2524,1775608536040079185
ecgclass,no_sharing,125.9992,69.4535,67.0516,64.3587,0.0033,2.2364,1.5433,2.4018,1775608536275184250
ecgclass,no_sharing,126.5493,84.1837,81.5751,79.7756,0.004,1.2007,1.6563,2.6086,1775608536825401688
ecgclass,no_sharing,127.0335,49.7553,47.2799,46.2554,0.0023,0.6393,1.611,2.4754,1775608537309610074
ecgclass,no_sharing,127.0412,99.3383,56.6234,45.1514,0.0121,11.0926,41.95,42.7149,1775608537357675263
ecgclass,no_sharing,127.3938,57.9319,55.3015,54.2099,0.0026,0.6972,1.7421,2.6304,1775608537669998372
ecgclass,no_sharing,127.4235,77.9536,49.012,47.9929,0.0023,0.3204,27.9405,28.9416,1775608537725941983
ecgclass,no_sharing,127.4383,63.2541,49.012,47.9929,0.0023,0.3204,13.2005,14.2421,1775608537725941983
ecgclass,no_sharing,127.6656,76.2823,73.949,51.9215,0.0024,21.6037,1.4858,2.3332,1775608537941560214
ecgclass,no_sharing,127.7881,100.8799,98.5194,51.2915,0.0024,46.1754,1.6,2.3605,1775608538064161032
ecgclass,no_sharing,128.103,62.5646,60.2244,49.8332,0.0024,10.0058,1.5101,2.3403,1775608538378961678
ecgclass,no_sharing,128.7568,48.3179,45.6652,44.5896,0.0024,0.6565,1.7729,2.6527,1775608539033086398
ecgclass,no_sharing,128.8674,49.072,46.5807,45.6726,0.0023,0.602,1.6387,2.4913,1775608539143500061
ecgclass,no_sharing,129.0522,95.8452,93.0555,59.2381,0.0024,33.4363,1.9829,2.7897,1775608539328632413
ecgclass,no_sharing,129.0522,204.3099,107.8377,49.3784,0.0021,29.0622,95.5842,96.4723,1775608539422266213
ecgclass,no_sharing,129.099,157.7036,107.8377,49.3784,0.0021,29.0622,48.83,49.866,1775608539422266213
ecgclass,no_sharing,129.3226,51.4395,49.0319,47.9913,0.0028,0.7103,1.4935,2.4076,1775608539598548529
ecgclass,no_sharing,129.3253,96.0155,46.6706,44.8112,0.0025,1.4865,48.4843,49.3449,1775608539648251749
ecgclass,no_sharing,129.5363,77.9786,75.578,51.2283,0.0024,24.0349,1.5323,2.4006,1775608539812358692
ecgclass,no_sharing,129.7339,75.557,73.3261,71.7093,0.0034,1.1877,1.4253,2.2309,1775608540009850792
ecgclass,no_sharing,129.7533,108.1867,51.4098,49.7668,0.0023,1.2657,55.9766,56.7769,1775608540083806839
ecgclass,no_sharing,130.2738,104.3622,101.8437,52.6019,0.0025,48.8494,1.7095,2.5185,1775608540550000058
ecgclass,no_sharing,130.5633,104.394,102.0007,47.841,0.0022,53.7944,1.4272,2.3932,1775608540839219186
ecgclass,no_sharing,131.0428,61.5053,58.914,53.5343,0.0024,5.005,1.7438,2.5913,1775608541319028281
ecgclass,no_sharing,131.0763,75.3112,46.7369,45.8446,0.0021,0.5749,27.8044,28.5743,1775608541378572376
ecgclass,no_sharing,131.3564,47.7278,45.2272,44.2929,0.0022,0.5917,1.6382,2.5006,1775608541632476066
ecgclass,no_sharing,131.4413,55.8257,53.297,43.2174,0.0021,9.7379,1.6601,2.5288,1775608541717434650
ecgclass,no_sharing,132.0493,85.6702,83.2907,45.9352,0.0022,37.0088,1.5666,2.3795,1775608542325344991
ecgclass,no_sharing,132.183,108.7193,106.432,46.0914,0.002,60.0024,1.4353,2.2874,1775608542458930067
ecgclass,no_sharing,132.3757,111.707,109.182,45.2436,0.0026,63.5653,1.4765,2.525,1775608542651678438
ecgclass,no_sharing,132.4405,98.3262,50.9902,48.6,0.0024,2.0376,46.4098,47.336,1775608542761423490
ecgclass,no_sharing,132.5697,68.4762,65.0684,56.1564,0.0026,8.5649,2.5437,3.4078,1775608542846732197
ecgclass,no_sharing,132.8477,46.1791,43.8101,42.8829,0.0023,0.6263,1.4811,2.3689,1775608543123665476
ecgclass,no_sharing,133.0611,98.0928,95.7632,50.7685,0.0023,44.6943,1.4904,2.3296,1775608543337058572
ecgclass,no_sharing,133.0638,236.4016,140.3255,52.158,0.0022,43.909,95.1912,96.0761,1775608543433476816
ecgclass,no_sharing,133.0705,229.9135,140.3255,52.158,0.0022,43.909,88.4733,89.588,1775608543433476816
ecgclass,no_sharing,133.1928,174.9153,66.5876,65.1996,0.0031,0.8955,107.4364,108.3278,1775608543574688701
ecgclass,no_sharing,133.4943,92.4742,89.986,53.5336,0.0028,36.0568,1.5664,2.4883,1775608543770391181
ecgclass,no_sharing,133.6818,98.3372,95.92,49.6816,0.0023,45.909,1.5585,2.4171,1775608543957837490
ecgclass,no_sharing,133.7217,165.7987,106.5909,50.3136,0.0023,55.9073,58.3,59.2078,1775608544054433588
ecgclass,no_sharing,134.0461,58.3129,55.7021,51.8829,0.0025,3.4725,1.7326,2.6108,1775608544322327017
ecgclass,no_sharing,134.7203,73.4184,70.8096,68.9413,0.0045,1.2824,1.6346,2.6088,1775608544996373169
ecgclass,no_sharing,134.8026,56.2532,53.6541,51.4253,0.0024,1.1328,1.6887,2.5991,1775608545078759816
ecgclass,no_sharing,134.934,50.0464,47.7085,44.4675,0.0023,2.9459,1.5373,2.3379,1775608545210010611
ecgclass,no_sharing,135.051,58.9149,56.5849,46.3023,0.0023,9.9865,1.4851,2.33,1775608545327013894
ecgclass,no_sharing,135.1202,76.4637,74.2324,47.2309,0.0023,26.7058,1.3881,2.2313,1775608545396028212
ecgclass,no_sharing,135.2048,47.0088,44.7046,43.7793,0.0022,0.6288,1.4365,2.3041,1775608545480739214
ecgclass,no_sharing,135.277,56.2057,54.0777,43.3255,0.0024,10.4564,1.339,2.1281,1775608545552859140
ecgclass,no_sharing,135.3174,110.23,93.6337,47.7858,0.0021,22.7514,15.5575,16.5962,1775608545607481747
ecgclass,no_sharing,135.3292,98.536,93.6337,47.7858,0.0021,22.7514,3.8402,4.9023,1775608545607481747
ecgclass,no_sharing,135.3968,84.2049,52.5912,45.8306,0.0023,6.3967,30.7028,31.6137,1775608545701961275
ecgclass,no_sharing,135.8302,46.314,44.0085,43.0446,0.0022,0.6222,1.4708,2.3055,1775608546106107564
ecgclass,no_sharing,135.9087,49.8786,47.1431,45.8689,0.0132,0.7802,1.4656,2.7355,1775608546184629833
ecgclass,no_sharing,135.9628,61.1596,58.2483,42.2395,0.002,15.6908,2.1219,2.9113,1775608546239392820
ecgclass,no_sharing,136.2732,45.1107,42.5999,41.6938,0.0021,0.5793,1.6272,2.5108,1775608546549334587
ecgclass,no_sharing,136.3773,47.0853,44.5099,43.5894,0.0021,0.5839,1.6127,2.5754,1775608546653345565
ecgclass,no_sharing,136.6632,52.4659,49.7494,48.7592,0.0023,0.6419,1.7803,2.7165,1775608546939463606
ecgclass,no_sharing,136.8956,53.8111,51.3144,39.7832,0.0019,11.2688,1.596,2.4967,1775608547171728178
ecgclass,no_sharing,137.1274,45.7039,43.1338,42.2403,0.002,0.5576,1.7147,2.5701,1775608547403614706
ecgclass,no_sharing,137.2003,43.4363,41.1185,39.5532,0.0039,1.0785,1.4863,2.3177,1775608547476296990
ecgclass,no_sharing,137.3718,55.2859,52.8415,45.2075,0.0022,7.3342,1.5941,2.4444,1775608547647830089
ecgclass,no_sharing,137.9526,98.9282,96.5864,44.9531,0.0022,51.3452,1.4908,2.3418,1775608548228542588
ecgclass,no_sharing,138.224,66.8011,64.3629,62.6129,0.0045,1.2109,1.4966,2.4382,1775608548499972242
ecgclass,no_sharing,138.4679,58.5427,56.0409,40.4251,0.0021,15.2756,1.6227,2.5018,1775608548744016665
ecgclass,no_sharing,138.5901,56.9777,54.6618,36.6514,0.0019,17.7635,1.5013,2.316,1775608548866119730
ecgclass,no_sharing,138.8225,79.0665,76.3929,74.7921,0.004,1.0739,1.7068,2.6736,1775608549098710541
ecgclass,no_sharing,138.9698,55.7959,53.2107,52.1082,0.0026,0.6906,1.6975,2.5852,1775608549246007040
ecgclass,no_sharing,139.0056,67.1864,46.4517,45.4248,0.0022,0.6694,19.8128,20.7347,1775608549299894264
ecgclass,no_sharing,139.076,50.2057,47.9202,43.1606,0.0027,4.449,1.4274,2.2856,1775608549351892721
ecgclass,no_sharing,139.1107,72.9926,56.8433,42.9801,0.0023,13.526,15.2969,16.1493,1775608549400455086
ecgclass,no_sharing,139.3292,60.9818,58.344,57.2018,0.0027,0.7675,1.6789,2.6378,1775608549605384277
ecgclass,no_sharing,139.349,90.9448,48.8672,47.8613,0.0022,0.3103,40.9787,42.0775,1775608549664462174
ecgclass,no_sharing,139.3688,71.1882,48.8672,47.8613,0.0022,0.3103,21.1985,22.321,1775608549664462174
ecgclass,no_sharing,139.4114,72.4955,43.4307,42.4546,0.0022,0.6272,28.1546,29.0648,1775608549714040515
ecgclass,no_sharing,139.5061,46.8709,44.44,43.4911,0.0022,0.6462,1.5202,2.431,1775608549782110245
ecgclass,no_sharing,139.5418,55.7401,43.9502,42.4018,0.0024,0.6175,10.8705,11.7899,1775608549827178026
ecgclass,no_sharing,139.8036,60.8687,58.3333,57.119,0.0028,0.8045,1.6325,2.5354,1775608550079696184
ecgclass,no_sharing,139.9581,84.4622,82.1184,59.471,0.0029,22.2791,1.4737,2.3438,1775608550234066749
ecgclass,no_sharing,140.9822,87.909,85.6318,39.6332,0.0027,45.6761,1.421,2.2772,1775608551258123996
ecgclass,no_sharing,141.6655,43.9749,41.5468,40.675,0.0021,0.5368,1.58,2.428,1775608551941529054
ecgclass,no_sharing,141.8076,45.6281,43.039,42.1071,0.0105,0.583,1.6713,2.5891,1775608552083748409
ecgclass,no_sharing,141.9352,49.2842,46.8936,45.1331,0.0023,1.4668,1.5454,2.3906,1775608552211230955
ecgclass,no_sharing,141.9589,66.0646,39.4794,38.6412,0.002,0.5387,25.3823,26.5852,1775608552258785536
ecgclass,no_sharing,142.2896,70.0941,67.4478,45.9957,0.0024,21.0972,1.7374,2.6463,1775608552565777203
ecgclass,no_sharing,142.9938,42.4063,39.9616,39.1673,0.0018,0.5251,1.5516,2.4448,1775608553269785045
ecgclass,no_sharing,143.125,62.2036,59.7697,38.3743,0.002,21.0474,1.57,2.434,1775608553401026996
ecgclass,no_sharing,143.4418,49.3646,46.7805,45.8092,0.0023,0.6126,1.6751,2.5841,1775608553717965437
ecgclass,no_sharing,143.4455,98.0709,51.8073,40.7837,0.0021,10.6409,45.4359,46.2636,1775608553765464449
ecgclass,no_sharing,144.9228,81.4111,78.8208,50.3552,0.0022,28.1519,1.6575,2.5903,1775608555198929217
ecgclass,no_sharing,144.9445,105.7813,45.5452,40.4196,0.0018,4.834,59.3443,60.2361,1775608555278370072
ecgclass,no_sharing,145.2473,81.9256,79.351,77.0794,0.0039,1.7122,1.5917,2.5747,1775608555523368693
ecgclass,no_sharing,145.258,149.744,77.2401,61.19,0.0023,7.8178,70.9877,72.5039,1775608555603480004
ecgclass,no_sharing,145.3267,81.1162,77.2401,61.19,0.0023,7.8178,2.3293,3.8761,1775608555603480004
ecgclass,no_sharing,145.4068,45.7578,43.2123,42.2822,0.0022,0.6345,1.7445,2.5455,1775608555683058596
ecgclass,no_sharing,145.6189,55.8279,53.2814,52.1584,0.0025,0.721,1.7166,2.5464,1775608555895059401
ecgclass,no_sharing,145.6316,90.2441,46.105,45.1175,0.0022,0.6336,42.9413,44.1391,1775608555949013607
ecgclass,no_sharing,145.7213,50.4069,47.7668,46.0583,0.0024,1.3566,1.713,2.6401,1775608555997527719
ecgclass,no_sharing,145.7702,55.9382,53.3222,48.4001,0.0025,4.5963,1.6935,2.616,1775608556046390556
ecgclass,no_sharing,145.7939,104.5203,71.8278,49.6133,0.0025,21.8315,31.8899,32.6925,1775608556100313474
ecgclass,no_sharing,146.1312,69.4742,67.1113,46.8337,0.0023,19.9627,1.5411,2.3629,1775608556407202051
ecgclass,no_sharing,146.2278,58.2118,55.6885,54.2347,0.0031,1.06,1.5287,2.5233,1775608556503861394
ecgclass,no_sharing,146.247,86.6311,46.9956,45.9881,0.0022,0.6328,38.7535,39.6355,1775608556560272984
ecgclass,no_sharing,146.3618,47.5214,45.1457,44.2098,0.0024,0.6226,1.5328,2.3757,1775608556637861848
ecgclass,no_sharing,146.4006,108.542,98.8995,44.3167,0.0021,27.1066,8.63,9.6425,1775608556683663838
ecgclass,no_sharing,146.4006,108.5324,98.8995,44.3167,0.0021,27.1066,8.5974,9.6329,1775608556683663838
ecgclass,no_sharing,146.4233,150.7652,64.3838,49.0776,0.0023,14.9455,85.5186,86.3814,1775608556783268765
ecgclass,no_sharing,146.662,57.4257,54.6031,44.5637,0.0023,9.7178,1.9779,2.8226,1775608556938429764
ecgclass,no_sharing,146.662,140.5759,82.5955,49.5941,0.002,32.6658,57.1353,57.9804,1775608556993620796
ecgclass,no_sharing,146.758,89.1132,43.9746,42.5244,0.0021,0.605,44.3349,45.1387,1775608557076822699
ecgclass,no_sharing,146.8983,48.0204,45.6807,42.1799,0.0024,3.2114,1.4448,2.3397,1775608557174255634
ecgclass,no_sharing,146.9575,40.0229,37.6283,36.8541,0.0019,0.5184,1.5733,2.3946,1775608557233569977
ecgclass,no_sharing,147.1188,59.7541,57.2508,44.2269,0.0021,12.7363,1.5991,2.5033,1775608557394908481
ecgclass,no_sharing,147.4838,58.7604,56.1571,54.95,0.0027,0.834,1.7071,2.6033,1775608557759979119
ecgclass,no_sharing,147.6096,69.0513,66.6312,48.9655,0.008,17.3648,1.4834,2.4201,1775608557885523366
ecgclass,no_sharing,147.7264,71.0809,68.4323,63.9324,0.004,4.0059,1.6563,2.6486,1775608558002510906
ecgclass,no_sharing,147.7571,93.6286,52.5074,51.5389,0.0022,0.6307,40.2067,41.1213,1775608558071817849
ecgclass,no_sharing,147.8837,45.7864,43.3706,42.4409,0.0023,0.6201,1.4772,2.4158,1775608558159641201
ecgclass,no_sharing,148.3473,98.1989,95.6436,46.2532,0.0023,49.0149,1.6644,2.5553,1775608558623427543
ecgclass,no_sharing,148.4648,72.331,69.9434,49.1485,0.0022,20.4701,1.5192,2.3875,1775608558740819466
ecgclass,no_sharing,148.6093,98.13,95.7761,53.5323,0.0023,41.9467,1.5028,2.3538,1775608558885265597
ecgclass,no_sharing,149.1847,50.065,47.7167,39.2709,0.002,8.1487,1.4827,2.3483,1775608559460699984
ecgclass,no_sharing,149.265,83.0092,80.5182,78.6775,0.0043,1.2279,1.5481,2.491,1775608559541035798
ecgclass,no_sharing,149.2737,135.3192,60.2261,46.3313,0.0023,13.529,74.2037,75.0932,1775608559622386097
ecgclass,no_sharing,149.6941,62.2289,59.3222,56.9292,0.004,1.8155,1.9703,2.9067,1775608559970566152
ecgclass,no_sharing,149.8323,58.2361,55.5053,51.1304,0.0025,4.0481,1.7271,2.7308,1775608560108466530
ecgclass,no_sharing,149.8607,87.0917,56.5338,48.6863,0.0023,3.7463,29.5086,30.5579,1775608560164695608
ecgclass,no_sharing,149.8785,69.3388,56.5338,48.6863,0.0023,3.7463,11.7333,12.805,1775608560164695608
ecgclass,no_sharing,150.012,49.782,47.2834,46.3256,0.0022,0.6498,1.5712,2.4986,1775608560288091270
ecgclass,no_sharing,150.3274,47.8609,45.3479,44.3239,0.0023,0.6815,1.5531,2.5129,1775608560603441546
ecgclass,no_sharing,150.3321,198.9777,155.2307,45.952,0.0023,36.0621,42.7952,43.747,1775608560649425973
ecgclass,no_sharing,150.3469,184.2725,155.2307,45.952,0.0023,36.0621,28.0704,29.0419,1775608560649425973
ecgclass,no_sharing,150.3696,161.7553,155.2307,45.952,0.0023,36.0621,5.3623,6.5247,1775608560649425973
ecgclass,no_sharing,150.4032,178.58,49.888,42.2973,0.0022,7.2253,127.7618,128.6921,1775608560805488639
ecgclass,no_sharing,150.6026,58.4774,56.1397,38.5079,0.0019,17.3633,1.4703,2.3377,1775608560878531419
ecgclass,no_sharing,150.614,113.0519,65.4587,38.0554,0.0019,27.1194,46.7422,47.5931,1775608560935211463
ecgclass,no_sharing,150.9952,44.3997,42.1194,41.2137,0.0022,0.5956,1.4496,2.2803,1775608561271177863
ecgclass,no_sharing,151.4994,53.0829,50.3941,44.4147,0.0023,5.6876,1.7238,2.6889,1775608561775652376
ecgclass,no_sharing,152.4983,87.8768,85.2998,49.2009,0.0022,35.7219,1.7219,2.577,1775608562774460437
ecgclass,no_sharing,152.5,156.976,70.1977,46.4921,0.0019,11.6983,85.8848,86.7783,1775608562860377931
ecgclass,no_sharing,152.5436,113.5452,70.1977,46.4921,0.0019,11.6983,42.3067,43.3475,1775608562860377931
ecgclass,no_sharing,152.6911,42.8734,40.5106,36.618,0.0018,3.6264,1.5047,2.3628,1775608562967048716
ecgclass,no_sharing,152.7058,75.3982,46.634,45.5272,0.0025,0.7169,27.8635,28.7642,1775608563008113753
ecgclass,no_sharing,153.5289,78.4516,76.0245,39.56,0.002,36.1385,1.5476,2.4271,1775608563804894905
ecgclass,no_sharing,154.1988,57.4663,54.8107,51.442,0.0045,2.7783,1.7304,2.6555,1775608564475014656
ecgclass,no_sharing,154.3353,45.4907,42.949,41.7371,0.0021,0.8766,1.6444,2.5417,1775608564611421107
ecgclass,no_sharing,154.7351,90.8535,88.1431,80.5161,0.004,6.9977,1.7369,2.7104,1775608565011276858
ecgclass,no_sharing,155.1491,43.2723,40.8674,39.8914,0.0021,0.5983,1.5087,2.4049,1775608565425062215
ecgclass,no_sharing,155.3006,49.9842,47.4173,46.4321,0.0024,0.6377,1.6961,2.5669,1775608565576754959
ecgclass,no_sharing,155.3989,77.8837,75.3956,49.9677,0.0023,25.0542,1.6215,2.4881,1775608565675025035
ecgclass,no_sharing,155.7995,46.0758,43.5586,42.6181,0.002,0.5967,1.6253,2.5172,1775608566075577526
ecgclass,no_sharing,155.9205,51.5833,49.1052,44.2441,0.0023,4.5706,1.622,2.4781,1775608566196576996
ecgclass,no_sharing,156.4162,67.9224,65.6157,35.8724,0.0019,29.3665,1.5018,2.3066,1775608566692139428
ecgclass,no_sharing,156.6183,48.3391,46.0235,42.0633,0.0022,3.6503,1.4682,2.3156,1775608566894267581
ecgclass,no_sharing,156.7551,84.5466,82.1243,79.2048,0.0044,2.3531,1.5144,2.4223,1775608567031051091
ecgclass,no_sharing,156.8551,49.7289,47.2636,46.2401,0.0024,0.6429,1.5304,2.4653,1775608567131140158
ecgclass,no_sharing,156.9241,49.4554,47.0861,46.149,0.0024,0.6322,1.5275,2.3693,1775608567200083428
ecgclass,no_sharing,156.9678,52.1619,45.7132,44.2205,0.0022,0.5586,5.5401,6.4488,1775608567247820856
ecgclass,no_sharing,156.9695,50.5953,45.7132,44.2205,0.0022,0.5586,3.824,4.8821,1775608567247820856
ecgclass,no_sharing,157.0313,46.5398,44.1473,43.182,0.0023,0.6596,1.5161,2.3925,1775608567307316019
ecgclass,no_sharing,157.035,100.7953,57.3652,42.8847,0.0023,14.1356,42.4967,43.4301,1775608567352024585
ecgclass,no_sharing,157.0858,130.3542,79.734,42.3935,0.0022,37.0026,49.68,50.6201,1775608567409936355
ecgclass,no_sharing,157.7463,85.1705,82.5496,47.6496,0.0022,34.5351,1.8697,2.6209,1775608568022639097
ecgclass,no_sharing,158.2418,90.9259,88.541,47.5729,0.0024,40.6077,1.6038,2.3849,1775608568517901632
ecgclass,no_sharing,158.7223,63.9772,61.5307,59.7802,0.0044,1.2068,1.5564,2.4465,1775608568998348840
ecgclass,no_sharing,158.8025,89.2003,86.6343,83.5106,0.0048,1.2966,1.6019,2.566,1775608569078575535
ecgclass,no_sharing,159.3994,58.6686,56.2453,44.872,0.0021,11.0835,1.5376,2.4233,1775608569675451448
ecgclass,no_sharing,159.6293,60.0877,57.5659,55.0948,0.0026,2.1213,1.6568,2.5217,1775608569905485335
ecgclass,no_sharing,159.6381,101.7976,49.8206,48.8337,0.0022,0.6352,51.1904,51.9769,1775608569963749741
ecgclass,no_sharing,159.6906,115.3817,65.4753,64.525,0.0021,0.5987,49.0675,49.9065,1775608570014184754
ecgclass,no_sharing,159.907,56.7403,54.254,46.19,0.0023,7.7204,1.5476,2.4863,1775608570183062562
ecgclass,no_sharing,159.9417,113.9364,91.3999,44.7156,0.0022,46.3381,21.7359,22.5365,1775608570237963802
ecgclass,no_sharing,159.966,142.432,52.1101,49.509,0.0022,2.2677,89.4537,90.3218,1775608570329908830
ecgclass,no_sharing,160.2517,58.5392,56.1514,54.938,0.0031,0.8179,1.493,2.3877,1775608570527633020
ecgclass,no_sharing,160.2534,109.3175,51.7109,50.6918,0.0024,0.315,56.587,57.6067,1775608570584440785
ecgclass,no_sharing,160.2601,102.653,51.7109,50.6918,0.0024,0.315,49.8815,50.9421,1775608570584440785
ecgclass,no_sharing,160.6504,96.5779,93.6761,48.5255,0.0023,44.8148,1.6472,2.9018,1775608570926525118
ecgclass,no_sharing,160.7202,93.4792,65.9355,62.7474,0.0036,2.7088,26.2504,27.5436,1775608571020883469
ecgclass,no_sharing,161.2585,77.4918,74.9582,46.6857,0.0024,27.8862,1.6062,2.5335,1775608571534562082
ecgclass,no_sharing,161.5653,78.8536,76.1172,50.9979,0.0022,24.7516,1.5552,2.7364,1775608571841373473
ecgclass,no_sharing,161.7962,52.8812,50.3145,49.357,0.0026,0.6097,1.6322,2.5668,1775608572072320461
ecgclass,no_sharing,161.882,54.328,51.9457,41.5624,0.002,10.1151,1.5152,2.3823,1775608572157978851
ecgclass,no_sharing,161.9157,128.7706,107.4407,38.8126,0.0019,34.1478,20.3886,21.3299,1775608572210567881
ecgclass,no_sharing,161.9304,114.1076,107.4407,38.8126,0.0019,34.1478,5.7027,6.6669,1775608572210567881
ecgclass,no_sharing,162.2174,52.9675,50.5228,43.958,0.0024,6.1787,1.5929,2.4447,1775608572493522443
ecgclass,no_sharing,162.2382,111.2821,78.4253,42.0001,0.0019,36.1002,31.9798,32.8568,1775608572544694211
ecgclass,no_sharing,162.2806,103.4126,34.0327,33.2457,0.0017,0.4941,68.5763,69.3799,1775608572623672333
ecgclass,no_sharing,162.4329,56.0887,53.8171,35.8999,0.0019,17.6595,1.4071,2.2716,1775608572708830250
ecgclass,no_sharing,162.4406,100.9762,51.9327,33.5732,0.0017,18.0825,48.1741,49.0436,1775608572763269972
ecgclass,no_sharing,162.6567,54.9011,52.2452,37.4649,0.0018,14.5227,1.4968,2.6559,1775608572932643860
ecgclass,no_sharing,162.6714,82.0744,41.6092,36.8063,0.002,4.486,39.6006,40.4652,1775608572985450052
ecgclass,no_sharing,162.7111,110.0137,67.0887,41.16,0.0021,12.7983,42.1138,42.925,1775608573027683004
ecgclass,no_sharing,162.7279,93.3609,67.0887,41.16,0.0021,12.7983,25.2652,26.2722,1775608573027683004
ecgclass,no_sharing,163.1947,42.5315,40.1612,37.2904,0.0018,2.6027,1.5025,2.3703,1775608573470727949
ecgclass,no_sharing,163.9123,48.0728,45.5612,44.3988,0.0022,0.874,1.6513,2.5116,1775608574188469744
ecgclass,no_sharing,164.175,68.2971,65.9403,36.7034,0.0019,28.9782,1.4875,2.3569,1775608574450940343
ecgclass,no_sharing,164.4099,56.0579,53.4706,44.5275,0.0023,8.563,1.6472,2.5873,1775608574686012319
ecgclass,no_sharing,164.4681,90.3764,87.993,45.5078,0.0019,42.2111,1.5261,2.3834,1775608574744146503
ecgclass,no_sharing,164.6938,59.3798,56.9095,34.0607,0.0018,22.6006,1.5705,2.4703,1775608574969854093
ecgclass,no_sharing,164.9305,71.8615,69.3153,58.8745,0.0031,9.2362,1.6749,2.5462,1775608575206688922
ecgclass,no_sharing,165.217,84.7659,82.0583,80.1745,0.0045,1.2895,1.6551,2.7076,1775608575493121276
ecgclass,no_sharing,165.538,66.8583,64.4861,44.4404,0.0023,19.7387,1.5929,2.3722,1775608575814058447
ecgclass,no_sharing,165.87,73.4875,70.9862,53.4139,0.0024,17.2519,1.6353,2.5013,1775608576146080118
ecgclass,no_sharing,165.8737,129.76,59.4077,45.8802,0.0022,13.1778,69.5,70.3524,1775608576217718422
ecgclass,no_sharing,166.1088,72.2747,69.8664,42.1857,0.0022,27.3714,1.5852,2.4083,1775608576384870825
ecgclass,no_sharing,166.3042,76.7927,74.5131,38.0952,0.002,36.1301,1.5283,2.2797,1775608576580241635
ecgclass,no_sharing,166.7162,61.3418,58.892,55.3113,0.0044,2.9886,1.5631,2.4498,1775608576992266063
ecgclass,no_sharing,166.7422,83.42,47.3831,46.513,0.002,0.5473,35.198,36.0369,1775608577051888953
ecgclass,no_sharing,166.9669,50.9782,48.4093,47.4408,0.0022,0.6432,1.6971,2.5689,1775608577243117776
ecgclass,no_sharing,167.0942,54.3535,51.886,49.6642,0.0026,1.8887,1.5912,2.4675,1775608577370230181
ecgclass,no_sharing,167.2254,75.696,73.0788,60.9275,0.0034,11.7281,1.6139,2.6172,1775608577501454821
ecgclass,no_sharing,167.2578,93.9624,50.0534,48.9944,0.0026,0.6649,42.9873,43.909,1775608577575272954
ecgclass,no_sharing,167.5472,59.3827,56.9834,42.6156,0.0024,14.0398,1.5445,2.3992,1775608577823240805
ecgclass,no_sharing,167.6881,53.9358,50.606,47.9383,0.0023,2.3469,1.5094,3.3297,1775608577964137277
ecgclass,no_sharing,167.7108,78.4154,46.5612,42.4146,0.0022,3.7921,30.9687,31.8542,1775608578016295269
ecgclass,no_sharing,169.2046,68.3048,65.6354,63.747,0.0047,1.3019,1.6847,2.6693,1775608579480795669
ecgclass,no_sharing,169.3925,62.4123,59.7179,52.0401,0.0027,7.2787,1.7581,2.6944,1775608579668768847
ecgclass,no_sharing,169.4945,77.4763,74.9888,48.8741,0.0024,25.7897,1.6167,2.4875,1775608579770590636
ecgclass,no_sharing,170.1468,55.3925,53.1586,38.283,0.002,14.5933,1.4088,2.2339,1775608580422665667
ecgclass,no_sharing,170.519,98.6283,96.369,41.824,0.0019,54.283,1.4524,2.2592,1775608580794955498
ecgclass,no_sharing,170.8282,59.6225,57.1325,56.0082,0.0026,0.73,1.574,2.49,1775608581104254209
ecgclass,no_sharing,170.8429,101.47,56.0023,46.7937,0.0024,8.8325,44.6527,45.4677,1775608581162052341
ecgclass,no_sharing,171.0676,82.1266,79.8653,44.025,0.0021,35.5558,1.4174,2.2613,1775608581343462168
ecgclass,no_sharing,171.5043,82.72,80.3781,58.2287,0.0029,21.7043,1.4784,2.3419,1775608581780281034
ecgclass,no_sharing,171.6422,46.1264,43.6854,42.5728,0.0023,0.7397,1.4818,2.441,1775608581918170485
ecgclass,no_sharing,171.9348,55.8114,53.2514,47.5002,0.0023,5.4322,1.7018,2.56,1775608582210951227
ecgclass,no_sharing,172.0008,95.4471,93.0095,46.2968,0.0021,46.3975,1.5626,2.4376,1775608582276832640
ecgclass,no_sharing,172.0292,135.4516,67.8533,38.6943,0.0021,28.7967,66.7779,67.5983,1775608582370467552
ecgclass,no_sharing,172.4625,81.2309,78.7038,47.7642,0.0022,30.5707,1.653,2.5271,1775608582738682907
ecgclass,no_sharing,172.5709,56.6647,54.3044,36.8017,0.002,17.2286,1.5459,2.3603,1775608582846971436
ecgclass,no_sharing,172.7142,52.7711,50.3916,47.185,0.0034,1.9512,1.4834,2.3795,1775608582990176367
ecgclass,no_sharing,172.7862,65.0561,62.6204,61.1872,0.0033,0.9788,1.5039,2.4357,1775608583062181275
ecgclass,no_sharing,172.9254,57.9009,55.344,48.3958,0.0023,6.6054,1.6811,2.5569,1775608583201565898
ecgclass,no_sharing,172.9945,74.9002,72.5448,45.1531,0.002,27.1148,1.5254,2.3554,1775608583270509698
ecgclass,no_sharing,173.0062,104.3968,40.7076,38.2134,0.0018,2.196,62.8927,63.6892,1775608583343624790
ecgclass,no_sharing,173.4053,53.8282,51.273,40.0828,0.002,10.8508,1.6892,2.5553,1775608583681481519
ecgclass,no_sharing,173.4435,51.3756,35.2061,34.4021,0.0018,0.5002,15.2915,16.1695,1775608583733315693
ecgclass,no_sharing,173.5191,48.4557,46.0834,33.9403,0.0018,11.8761,1.5488,2.3723,1775608583795153500
ecgclass,no_sharing,173.9085,78.5525,75.8733,44.1256,0.0021,31.4621,1.8489,2.6792,1775608584184875878
ecgclass,no_sharing,174.1275,37.1964,34.7769,33.9692,0.0018,0.5075,1.5786,2.4195,1775608584403570549
ecgclass,no_sharing,174.302,53.0896,50.5273,40.6841,0.0021,9.4531,1.658,2.5623,1775608584578151902
ecgclass,no_sharing,174.7362,85.0291,82.449,80.5435,0.0049,1.3061,1.544,2.5801,1775608585012251527
ecgclass,no_sharing,174.7719,106.5962,56.4876,55.4197,0.0025,0.675,49.1731,50.1087,1775608585095601265
ecgclass,no_sharing,174.9058,53.4348,50.9222,47.499,0.0024,3.1067,1.5905,2.5126,1775608585181842472
ecgclass,no_sharing,175.032,79.8731,77.5133,47.2848,0.0022,29.9241,1.4586,2.3598,1775608585307976272
ecgclass,no_sharing,175.7307,83.2684,80.6727,75.2818,0.0045,4.803,1.6279,2.5957,1775608586006790725
ecgclass,no_sharing,176.0753,91.5182,89.115,45.9535,0.0023,42.7851,1.5612,2.4032,1775608586351374022
ecgclass,no_sharing,176.1192,177.6297,129.2322,51.9924,0.0021,38.4371,47.3938,48.3975,1775608586441090129
ecgclass,no_sharing,176.1532,143.616,129.2322,51.9924,0.0021,38.4371,13.3586,14.3838,1775608586441090129
ecgclass,no_sharing,176.246,142.9007,91.2594,59.057,0.0029,15.8597,50.6401,51.6413,1775608586571126591
ecgclass,no_sharing,176.2897,99.2634,91.2594,59.057,0.0029,15.8597,6.9809,8.004,1775608586571126591
ecgclass,no_sharing,176.3833,63.5297,57.1917,54.8992,0.0029,1.8277,5.4128,6.3381,1775608586663205169
ecgclass,no_sharing,176.4061,126.7502,85.3621,58.9933,0.0034,25.868,40.4422,41.3881,1775608586721036837
ecgclass,no_sharing,176.5855,59.2809,56.9899,55.7669,0.0031,0.8278,1.4327,2.2909,1775608586861385579
ecgclass,no_sharing,176.6302,69.6316,54.4313,43.7013,0.0021,10.3761,14.3793,15.2003,1775608586919035995
ecgclass,no_sharing,176.6786,68.0091,46.1923,45.1952,0.0022,0.6113,20.9486,21.8169,1775608586974078669
ecgclass,no_sharing,177.4807,51.8262,49.3062,43.6163,0.0026,5.321,1.6172,2.52,1775608587756754385
ecgclass,no_sharing,177.82,56.0806,53.6076,46.2285,0.0023,6.9838,1.6165,2.4729,1775608588096054794
ecgclass,no_sharing,178.2475,47.365,44.8148,43.7648,0.0023,0.6672,1.6303,2.5501,1775608588523622792
ecgclass,no_sharing,178.2612,91.217,56.9431,44.1374,0.0022,12.441,33.407,34.274,1775608588569119862
ecgclass,no_sharing,178.3217,90.4143,59.0244,42.5052,0.0023,16.1542,30.5254,31.3898,1775608588626704684
ecgclass,no_sharing,178.4153,45.6812,43.311,42.3766,0.0022,0.6377,1.533,2.3702,1775608588691332069
ecgclass,no_sharing,178.7653,103.8544,101.5096,58.9207,0.0028,42.1764,1.5037,2.3448,1775608589041288300
ecgclass,no_sharing,178.9545,83.0684,80.7447,57.366,0.0027,22.9789,1.4706,2.3236,1775608589230484535
ecgclass,no_sharing,178.9563,212.7857,130.6768,45.4087,0.0021,42.4538,81.1365,82.1089,1775608589311875914
ecgclass,no_sharing,179.0237,145.4039,130.6768,45.4087,0.0021,42.4538,13.7174,14.727,1775608589311875914
ecgclass,no_sharing,179.3609,72.9988,70.6146,41.6414,0.002,28.6758,1.5945,2.3842,1775608589636950211
ecgclass,no_sharing,180.4964,46.8709,44.4366,43.3848,0.0025,0.6728,1.5223,2.4344,1775608590772403456
ecgclass,no_sharing,180.5805,40.5629,38.1908,37.3951,0.0018,0.5343,1.5602,2.3721,1775608590856511100
ecgclass,no_sharing,180.7058,45.3713,43.0056,41.3177,0.0041,1.1643,1.4787,2.3657,1775608590981757978
ecgclass,no_sharing,180.892,40.4537,38.0379,37.2546,0.002,0.5283,1.5955,2.4157,1775608591168117468
ecgclass,no_sharing,181.0178,56.8404,54.3929,44.5795,0.0023,9.5145,1.5531,2.4475,1775608591293806639
ecgclass,no_sharing,181.3502,48.8985,46.3468,45.429,0.0023,0.6195,1.6718,2.5517,1775608591626336859
ecgclass,no_sharing,181.7928,68.0337,65.6151,40.7581,0.0021,24.5726,1.5583,2.4186,1775608592068886617
ecgclass,no_sharing,181.8367,84.4665,59.8907,34.4586,0.0018,24.571,23.8812,24.5757,1775608592135097478
ecgclass,no_sharing,181.9942,36.7994,34.4942,33.7622,0.0018,0.4987,1.41,2.3053,1775608592270062331
ecgclass,no_sharing,182.0158,52.1476,36.5163,34.0225,0.0018,2.2295,14.822,15.6313,1775608592305140308
ecgclass,no_sharing,182.0512,75.6037,58.2057,37.4723,0.0018,20.4466,16.5043,17.398,1775608592342165366
ecgclass,no_sharing,182.1776,46.5913,44.2801,35.0404,0.0018,8.9984,1.4565,2.3112,1775608592453552806
ecgclass,no_sharing,182.2514,45.5532,42.8852,41.7231,0.0126,0.7146,1.4226,2.668,1775608592527302480
ecgclass,no_sharing,182.2711,61.4903,34.8092,34.0402,0.0017,0.5068,25.8276,26.6811,1775608592571398110
ecgclass,no_sharing,182.4208,40.0925,37.4144,36.6296,0.002,0.5355,1.7965,2.6781,1775608592697098911
ecgclass,no_sharing,182.6884,44.8699,42.3906,41.5239,0.0021,0.5842,1.5819,2.4793,1775608592964501347
ecgclass,no_sharing,182.9491,88.6247,86.3013,42.4073,0.002,43.5607,1.5485,2.3234,1775608593225095713
ecgclass,no_sharing,183.026,83.1378,70.8315,42.4744,0.0018,28.061,11.4884,12.3062,1775608593311954916
ecgclass,no_sharing,183.1806,81.018,78.7374,39.508,0.0019,38.9667,1.4589,2.2806,1775608593456501054
ecgclass,no_sharing,183.2238,105.5446,67.1812,47.2708,0.0019,19.5996,37.544,38.3634,1775608593535854938
ecgclass,no_sharing,183.2768,94.1362,40.9219,37.7583,0.0017,2.8788,52.325,53.2143,1775608593603587355
ecgclass,no_sharing,183.3538,94.8811,77.287,34.1239,0.0019,42.8772,16.783,17.5941,1775608593645039748
ecgclass,no_sharing,183.9235,94.1298,91.6591,48.6185,0.0022,42.7583,1.615,2.4707,1775608594199632815
ecgclass,no_sharing,184.031,37.9834,35.7606,34.9816,0.0018,0.5105,1.3189,2.2228,1775608594306806488
ecgclass,no_sharing,184.208,48.5265,46.0558,45.0828,0.0025,0.6486,1.5244,2.4707,1775608594483981148
ecgclass,no_sharing,184.3602,80.0433,77.4008,52.574,0.0026,24.4566,1.7447,2.6425,1775608594636476318
ecgclass,no_sharing,184.6367,44.7266,42.2838,38.8383,0.002,3.1764,1.575,2.4428,1775608594912746800
ecgclass,no_sharing,185.2199,64.3663,61.8471,60.0068,0.0045,1.2217,1.5972,2.5192,1775608595495997514
ecgclass,no_sharing,185.3045,51.9953,49.4501,47.914,0.0024,1.1676,1.6575,2.5451,1775608595580632159
ecgclass,no_sharing,185.5682,64.6954,62.1168,47.8729,0.0023,13.874,1.6253,2.5785,1775608595844338537
ecgclass,no_sharing,185.6491,44.0936,41.8221,40.9213,0.0023,0.5971,1.436,2.2715,1775608595925039916
ecgclass,no_sharing,186.0617,54.625,52.1447,44.2848,0.0024,7.4738,1.5984,2.4804,1775608596337740983
ecgclass,no_sharing,186.0919,73.1282,48.0856,47.0962,0.0023,0.63,24.2047,25.0426,1775608596390590107
ecgclass,no_sharing,186.1215,94.8331,50.6353,42.3314,0.0023,7.9673,43.3528,44.1979,1775608596439315735
ecgclass,no_sharing,186.2708,78.2983,75.7845,73.2333,0.0037,2.0081,1.5569,2.5138,1775608596546846567
ecgclass,no_sharing,186.2893,113.5664,53.0868,42.8027,0.0023,9.9337,59.6921,60.4796,1775608596623449194
ecgclass,no_sharing,186.3523,120.4896,69.2786,50.4074,0.0022,18.5129,50.3256,51.211,1775608596677103343
ecgclass,no_sharing,186.5103,57.7393,55.3738,43.1,0.0023,11.9727,1.4963,2.3654,1775608596786299898
ecgclass,no_sharing,186.5692,63.7236,61.3871,45.0407,0.0023,15.4691,1.4639,2.3364,1775608596845168011
ecgclass,no_sharing,187.0984,59.4087,57.4179,38.8589,0.002,18.2505,1.2546,1.9908,1775608597374105024
ecgclass,no_sharing,187.2546,88.6142,86.1268,77.1442,0.004,8.3882,1.5438,2.4874,1775608597530589451
ecgclass,no_sharing,187.3847,62.1037,59.7156,42.5873,0.002,16.7823,1.4908,2.3881,1775608597660678594
ecgclass,no_sharing,187.5329,78.2647,76.1912,46.7,0.002,29.1861,1.4043,2.0735,1775608597808835597
ecgclass,no_sharing,187.7867,71.7218,69.018,67.504,0.0039,1.0371,1.6658,2.7038,1775608598062888885
ecgclass,no_sharing,187.8597,58.0072,55.4705,49.7626,0.0025,5.3808,1.6148,2.5367,1775608598135773774
ecgclass,no_sharing,188.1414,87.1825,85.1116,40.4165,0.0021,44.4091,1.3328,2.0709,1775608598417265378
ecgclass,no_sharing,188.6509,55.3005,53.3626,43.0866,0.0023,9.9285,1.1995,1.9379,1775608598926597628
ecgclass,no_sharing,189.0596,60.7347,58.2638,49.5464,0.0023,8.3541,1.6379,2.4709,1775608599335691646
ecgclass,no_sharing,189.2048,48.3992,45.6919,42.9154,0.0042,2.2441,1.3683,2.7073,1775608599480606862
ecgclass,no_sharing,189.2523,41.5101,39.018,38.1816,0.0019,0.5866,1.6129,2.4921,1775608599528427379
ecgclass,no_sharing,189.318,70.4217,68.3449,37.0397,0.002,31.0519,1.4122,2.0768,1775608599593933336
ecgclass,no_sharing,189.6403,53.1003,50.456,47.6073,0.0023,2.4893,1.7335,2.6444,1775608599916503309
ecgclass,no_sharing,189.8246,47.1463,44.8838,38.9659,0.002,5.6655,1.5552,2.2625,1775608600100655757
ecgclass,no_sharing,189.9039,51.8928,50.0763,38.2929,0.0018,11.5327,1.1966,1.8165,1775608600179570540
ecgclass,no_sharing,189.9106,84.7142,38.9078,38.1189,0.0018,0.4973,45.095,45.8064,1775608600230211789
ecgclass,no_sharing,190.3044,83.7095,81.5738,37.7772,0.0018,43.4781,1.3759,2.1357,1775608600580257492
ecgclass,no_sharing,190.3369,150.2783,98.5994,39.451,0.0019,58.8589,50.9636,51.6789,1775608600662382651
ecgclass,no_sharing,190.4576,117.8737,87.6134,43.0611,0.0019,44.2612,29.5546,30.2603,1775608600761593074
ecgclass,no_sharing,190.5208,123.1577,68.0054,42.9469,0.0018,24.7714,54.4641,55.1524,1775608600849729279
ecgclass,no_sharing,190.6039,107.332,66.6006,35.0004,0.0016,15.6597,39.928,40.7314,1775608600918344204
ecgclass,no_sharing,190.6195,91.7313,66.6006,35.0004,0.0016,15.6597,24.317,25.1307,1775608600918344204
ecgclass,no_sharing,190.6861,84.568,58.6827,34.6273,0.0018,23.7285,25.1195,25.8853,1775608600985667178
ecgclass,no_sharing,191.1871,40.9143,38.6351,37.7676,0.0019,0.5366,1.4646,2.2792,1775608601463004283
ecgclass,no_sharing,191.3082,51.0602,48.8484,40.7712,0.002,7.69,1.44,2.2118,1775608601584143869
ecgclass,no_sharing,191.4248,41.7101,39.5976,38.7714,0.002,0.5432,1.3981,2.1126,1775608601700721528
ecgclass,no_sharing,191.6029,44.4372,42.5423,35.7272,0.0017,6.5767,1.128,1.8949,1775608601878503934
ecgclass,no_sharing,191.6902,58.4276,56.1116,34.5063,0.0017,21.3543,1.312,2.316,1775608601965976154
ecgclass,no_sharing,191.7688,79.9842,77.4365,56.1143,0.0026,20.9463,1.6131,2.5477,1775608602044861973
ecgclass,no_sharing,191.7727,141.7227,65.2732,37.7295,0.0018,27.2997,75.6898,76.4495,1775608602122903907
ecgclass,no_sharing,192.086,46.5484,44.3573,37.1898,0.0019,6.9037,1.3905,2.191,1775608602361874118
ecgclass,no_sharing,192.3282,66.9494,64.2984,61.748,0.003,1.3434,1.6637,2.6509,1775608602604341071
ecgclass,no_sharing,192.4312,59.3789,57.0439,46.293,0.0023,10.4249,1.5531,2.335,1775608602707255305
ecgclass,no_sharing,192.6272,58.6145,56.6853,40.1285,0.0022,16.2547,1.2269,1.9292,1775608602902878686
ecgclass,no_sharing,192.7283,62.2997,59.9237,58.3377,0.0118,1.0886,1.3814,2.376,1775608603004135540
ecgclass,no_sharing,192.7526,140.161,101.448,46.0052,0.0021,27.5082,37.8208,38.7131,1775608603064908222
ecgclass,no_sharing,192.7843,108.597,101.448,46.0052,0.0021,27.5082,6.11,7.1491,1775608603064908222
ecgclass,no_sharing,193.452,90.2362,87.6154,85.6255,0.0047,1.2974,1.6012,2.6208,1775608603728085533
ecgclass,no_sharing,193.7053,62.7964,60.2098,58.3916,0.0046,1.1968,1.6763,2.5865,1775608603981491398
ecgclass,no_sharing,193.7953,45.8868,43.682,42.6668,0.0023,0.6243,1.4305,2.2048,1775608604071183791
ecgclass,no_sharing,194.0789,52.3593,50.0806,40.8804,0.0022,8.8421,1.4744,2.2787,1775608604354830694
ecgclass,no_sharing,194.2237,93.6017,90.8149,86.1729,0.0045,4.0767,1.8232,2.7868,1775608604499986110
ecgclass,no_sharing,194.5322,53.282,51.0784,45.5378,0.0024,5.1426,1.4582,2.2036,1775608604808152888
ecgclass,no_sharing,194.7518,55.4476,52.8103,51.7253,0.0024,0.6977,1.6925,2.6372,1775608605027976736
ecgclass,no_sharing,195.0333,55.9473,53.2454,51.2293,0.0025,1.6308,1.6656,2.7019,1775608605309471661
ecgclass,no_sharing,195.035,112.9842,58.2522,45.7909,0.0025,12.0925,53.8919,54.732,1775608605363397474
ecgclass,no_sharing,195.8961,78.6474,76.1162,66.503,0.0024,9.2594,1.6282,2.5312,1775608606172253801
ecgclass,no_sharing,195.9049,118.0403,47.4841,46.5141,0.0023,0.6331,69.6292,70.5562,1775608606249029493
ecgclass,no_sharing,196.0057,61.5549,43.7856,42.821,0.0022,0.6167,16.8402,17.7693,1775608606297065033
ecgclass,no_sharing,196.0312,81.6534,44.8423,42.8691,0.0023,1.6214,35.9073,36.8111,1775608606341544686
ecgclass,no_sharing,196.0745,97.7142,58.7687,44.868,0.0024,13.5452,38.0409,38.9454,1775608606387018828
ecgclass,no_sharing,196.1804,62.1274,59.7023,46.5173,0.0024,12.874,1.5273,2.4251,1775608606456418442
ecgclass,no_sharing,196.2678,46.8681,44.4511,42.9449,0.0024,1.1995,1.4842,2.4169,1775608606543730956
ecgclass,no_sharing,196.846,100.9696,98.4591,96.4819,0.004,1.32,1.5461,2.5105,1775608607122059376
ecgclass,no_sharing,196.9428,81.0862,76.2305,74.6428,0.0031,1.0706,3.8812,4.8557,1775608607221211091
ecgclass,no_sharing,197.5445,69.7584,67.3549,66.3951,0.0023,0.6209,1.5655,2.4035,1775608607820544294
ecgclass,no_sharing,197.7192,80.2548,77.5261,75.6445,0.0047,1.296,1.7231,2.7287,1775608607995432582
ecgclass,no_sharing,197.8203,80.7941,78.2207,76.716,0.0035,0.9958,1.7035,2.5734,1775608608096501252
ecgclass,no_sharing,198.0028,61.734,59.6088,58.6566,0.0022,0.6232,1.3843,2.1251,1775608608278672155
ecgclass,no_sharing,198.175,89.5333,87.2369,49.7481,0.0021,37.1845,1.4644,2.2964,1775608608450996185
ecgclass,no_sharing,198.2345,100.8236,70.0277,50.6986,0.0032,18.8556,29.8972,30.7959,1775608608538845335
ecgclass,no_sharing,198.2932,131.1533,88.3515,60.1799,0.002,27.8418,41.9233,42.8018,1775608608609619148
ecgclass,no_sharing,198.7526,47.1532,44.8307,42.3755,0.0023,2.1377,1.5705,2.3225,1775608609028662800
ecgclass,no_sharing,198.7673,86.8893,53.8763,42.0317,0.0018,11.0536,32.306,33.013,1775608609074114341
ecgclass,no_sharing,198.9124,37.6608,35.5612,34.8228,0.0019,0.4942,1.3466,2.0996,1775608609188234941
ecgclass,no_sharing,199.5232,40.8375,38.1159,37.2878,0.0019,0.5215,1.4071,2.7216,1775608609799104259
ecgclass,no_sharing,199.5995,67.822,65.9796,52.4649,0.0025,13.1413,1.1628,1.8424,1775608609875144978
ecgclass,no_sharing,199.9358,46.2019,43.8017,42.9489,0.0021,0.5813,1.6179,2.4003,1775608610211915544
ecgclass,no_sharing,200.0099,70.5705,68.3439,53.5639,0.0029,14.4068,1.5082,2.2266,1775608610285860647
ecgclass,no_sharing,200.6353,53.292,50.9331,49.5978,0.0028,0.9139,1.6208,2.359,1775608610911409624
ecgclass,no_sharing,200.665,87.8592,63.5058,62.0818,0.0033,0.9414,23.4444,24.3533,1775608610962965255
ecgclass,no_sharing,200.7721,43.4356,41.1069,40.3088,0.0019,0.5409,1.399,2.3286,1775608611047975563
ecgclass,no_sharing,200.9148,45.6009,43.1221,42.2029,0.0022,0.6056,1.539,2.4787,1775608611190821596
ecgclass,no_sharing,201.1888,38.8496,36.6151,35.3167,0.0019,1.0274,1.4806,2.2345,1775608611464760986
ecgclass,no_sharing,201.3602,63.4954,61.0923,55.5148,0.0026,5.2047,1.4915,2.4031,1775608611636202748
ecgclass,no_sharing,201.6669,85.7797,83.3864,70.0828,0.003,12.86,1.6198,2.3933,1775608611943026477
ecgclass,no_sharing,201.6971,139.2558,83.0879,55.5972,0.0028,27.0589,55.407,56.1678,1775608612027039854
ecgclass,no_sharing,202.0168,41.4245,39.0997,38.151,0.0021,0.6764,1.5006,2.3248,1775608612292806583
ecgclass,no_sharing,202.5083,74.1239,71.8027,68.3611,0.0032,2.9932,1.498,2.3211,1775608612784276038
ecgclass,no_sharing,202.7948,102.8597,100.6585,72.4164,0.0027,27.796,1.4906,2.2013,1775608613070757479
ecgclass,no_sharing,202.8725,90.6577,64.8195,45.2586,0.002,19.1501,25.0857,25.8382,1775608613172111018
ecgclass,no_sharing,202.9177,115.19,69.1979,65.0677,0.0031,3.659,45.3393,45.9922,1775608613237502007
ecgclass,no_sharing,202.9809,162.6422,109.7584,47.6072,0.0021,30.885,51.9531,52.8838,1775608613307335392
ecgclass,no_sharing,203.0083,135.267,109.7584,47.6072,0.0021,30.885,24.5614,25.5086,1775608613307335392
ecgclass,no_sharing,203.2257,46.5596,44.4628,42.7959,0.0023,1.3677,1.3325,2.0967,1775608613501540737
ecgclass,no_sharing,203.3847,82.1295,79.9439,72.1722,0.0116,7.3056,1.3633,2.1856,1775608613660570238
ecgclass,no_sharing,203.545,45.2411,43.2212,42.2951,0.0023,0.6188,1.2593,2.0199,1775608613820709739
ecgclass,no_sharing,203.7395,76.8125,73.577,71.9973,0.0031,1.0536,2.2957,3.2355,1775608614016324142
ecgclass,no_sharing,204.1969,47.503,45.2846,44.3566,0.0023,0.6177,1.2767,2.2184,1775608614472634339
ecgclass,no_sharing,204.2106,82.7835,48.296,46.7948,0.0034,1.0146,33.5436,34.4875,1775608614518591615
ecgclass,no_sharing,204.3129,115.9263,113.781,62.225,0.0026,51.1114,1.4622,2.1453,1775608614588842496
ecgclass,no_sharing,204.3624,149.6561,82.506,57.1606,0.0025,24.8816,66.3996,67.1501,1775608614703308654
ecgclass,no_sharing,204.6109,38.0483,35.6168,34.8148,0.0018,0.5047,1.4586,2.4315,1775608614886803187
ecgclass,no_sharing,205.0355,72.3672,70.0831,53.7684,0.0027,15.9402,1.334,2.284,1775608615311342817
ecgclass,no_sharing,205.1044,101.4111,97.4878,63.8218,0.0029,33.148,3.2084,3.9233,1775608615382075784
ecgclass,no_sharing,205.2279,100.9831,98.9206,69.4494,0.0035,28.966,1.1778,2.0625,1775608615503558510
ecgclass,no_sharing,205.2383,194.1063,102.8488,80.3084,0.0034,22.0022,90.4434,91.2575,1775608615603220704
ecgclass,no_sharing,205.366,159.7652,92.7828,59.8859,0.0027,32.4797,66.1786,66.9825,1775608615706693645
ecgclass,no_sharing,205.4385,176.2614,88.4291,50.0174,0.0023,37.9926,87.0371,87.8323,1775608615800045394
ecgclass,no_sharing,205.6339,92.7615,90.7321,59.7482,0.0029,30.566,1.3127,2.0294,1775608615909710789
ecgclass,no_sharing,205.7665,51.7704,49.8779,48.9167,0.0023,0.6164,1.1926,1.8925,1775608616042132710
ecgclass,no_sharing,206.0896,82.8152,80.7179,61.5307,0.0024,18.8559,1.3261,2.0972,1775608616365369036
ecgclass,no_sharing,206.2006,81.1667,78.9654,49.2008,0.0023,29.4636,1.3392,2.2014,1775608616476384362
ecgclass,no_sharing,206.3276,58.2139,55.8054,45.8162,0.0022,9.6806,1.539,2.4086,1775608616603638136
ecgclass,no_sharing,206.702,51.8141,49.4459,47.7278,0.0041,1.1944,1.4491,2.3681,1775608616977891088
ecgclass,no_sharing,206.8184,54.6398,52.1579,49.367,0.0023,1.8342,1.5936,2.4819,1775608617094477466
ecgclass,no_sharing,207.0158,110.1699,108.0859,51.7456,0.0021,56.0367,1.3509,2.0839,1775608617291670162
ecgclass,no_sharing,207.0672,99.8185,40.4869,39.6531,0.0017,0.534,58.6617,59.3315,1775608617400372815
ecgclass,no_sharing,207.3516,59.561,57.3028,56.0434,0.003,0.8579,1.4222,2.2582,1775608617627515038
ecgclass,no_sharing,207.557,73.5171,71.3651,57.1558,0.003,13.7913,1.4277,2.1519,1775608617832885315
ecgclass,no_sharing,207.7717,49.814,46.9237,44.429,0.0023,2.1268,1.8568,2.8902,1775608618048021031
ecgclass,no_sharing,207.9977,76.2515,73.888,50.0241,0.0023,23.552,1.5664,2.3636,1775608618273788097
ecgclass,no_sharing,208.1855,91.1195,88.9196,51.1135,0.0021,37.5081,1.3478,2.1999,1775608618461377314
ecgclass,no_sharing,208.2022,143.4441,68.3701,66.7356,0.0036,1.017,74.3062,75.0739,1775608618551021304
ecgclass,no_sharing,208.2759,141.2945,70.7797,68.0073,0.0035,2.215,69.6931,70.5148,1775608618620102260
ecgclass,no_sharing,208.6944,54.27,51.9234,42.2543,0.0022,9.3059,1.2856,2.3467,1775608618970125052
ecgclass,no_sharing,209.0463,69.1741,66.5763,44.0092,0.0021,22.2152,1.7593,2.5977,1775608619322587714
ecgclass,no_sharing,209.3885,73.045,70.3647,48.6118,0.0026,21.3657,1.745,2.6803,1775608619664683269
ecgclass,no_sharing,209.9757,84.9817,82.9227,80.7244,0.0044,1.6213,1.3237,2.059,1775608620251554115
ecgclass,no_sharing,210.1434,54.1599,52.1941,40.2765,0.0022,11.5682,1.3101,1.9657,1775608620419222714
ecgclass,no_sharing,210.2993,44.6987,42.2919,40.4298,0.0022,1.5104,1.5297,2.4068,1775608620575265187
ecgclass,no_sharing,210.4375,57.2038,54.6544,42.4025,0.0022,11.9434,1.7321,2.5494,1775608620713678775
ecgclass,no_sharing,210.4513,143.2784,99.4579,46.0703,0.0021,53.0396,43.1578,43.8204,1775608620768961632
ecgclass,no_sharing,210.5977,93.369,91.5635,42.1586,0.0021,49.1185,1.1714,1.8055,1775608620873388863
ecgclass,no_sharing,210.8637,68.4071,66.2333,43.7026,0.0026,22.215,1.4143,2.1737,1775608621139623263
ecgclass,no_sharing,210.9309,92.5088,90.2585,47.8413,0.0021,42.1129,1.5881,2.2503,1775608621206969724
ecgclass,no_sharing,211.3763,88.0811,85.1435,83.3322,0.0045,1.2221,1.6997,2.9376,1775608621652510538
ecgclass,no_sharing,211.5782,79.9294,77.3403,75.5995,0.0042,1.1599,1.601,2.5891,1775608621854251645
ecgclass,no_sharing,211.8178,56.8254,53.8583,52.7596,0.0028,0.7468,2.0094,2.9671,1775608622094283285
ecgclass,no_sharing,212.0051,55.4092,52.7314,51.6878,0.0026,0.7003,1.6656,2.6778,1775608622281206516
ecgclass,no_sharing,212.3461,91.8272,89.0441,87.1084,0.0046,1.3146,1.7343,2.7831,1775608622622342558
ecgclass,no_sharing,212.4699,54.7452,52.0197,50.9656,0.0025,0.6717,1.8134,2.7255,1775608622746226557
ecgclass,no_sharing,212.6262,49.0978,46.9297,45.9924,0.0022,0.6224,1.37,2.1681,1775608622902086076
ecgclass,no_sharing,212.6812,58.8191,56.9001,42.5103,0.0022,14.0896,1.2078,1.919,1775608622956906070
ecgclass,no_sharing,212.827,70.2522,67.6554,66.1847,0.0036,0.9924,1.5955,2.5968,1775608623103100069
ecgclass,no_sharing,212.8808,78.2382,61.1567,49.1645,0.0026,11.583,16.1808,17.0815,1775608623171497752
ecgclass,no_sharing,213.2416,83.7812,81.3135,78.2314,0.0046,1.4056,1.6425,2.4677,1775608623517685165
ecgclass,no_sharing,213.4121,84.1901,81.6696,49.4591,0.0024,31.8683,1.7095,2.5205,1775608623688334322
ecgclass,no_sharing,213.5803,45.4195,43.1741,42.2524,0.0023,0.6295,1.5166,2.2453,1775608623856311359
ecgclass,no_sharing,213.9007,55.8381,53.2745,52.1433,0.0026,0.7416,1.6847,2.5636,1775608624176844257
ecgclass,no_sharing,213.95,55.5282,48.3938,45.0761,0.0023,2.9498,6.2976,7.1343,1775608624230814886
ecgclass,no_sharing,214.0023,81.8515,78.0829,42.0575,0.0023,35.6538,2.991,3.7686,1775608624279753722
ecgclass,no_sharing,214.6189,47.9298,45.6133,44.5668,0.0024,0.6882,1.6222,2.3165,1775608624894989583
ecgclass,no_sharing,214.8021,83.2162,80.9586,79.0909,0.0042,1.2397,1.4722,2.2576,1775608625078075268
ecgclass,no_sharing,214.9716,61.398,58.9857,52.2638,0.0025,6.322,1.5602,2.4123,1775608625247622100
ecgclass,no_sharing,214.9751,169.5056,111.0938,56.2192,0.0023,54.5102,57.694,58.4118,1775608625307289782
ecgclass,no_sharing,215.0757,135.3521,65.7955,45.7872,0.0023,19.6523,68.7959,69.5566,1775608625419017090
ecgclass,no_sharing,215.5367,58.573,55.9979,54.8959,0.0027,0.7368,1.7018,2.5751,1775608625812869504
ecgclass,no_sharing,215.8714,82.9659,80.2211,78.2898,0.0047,1.2912,1.7438,2.7447,1775608626147670332
ecgclass,no_sharing,215.9734,56.2446,53.0998,51.9332,0.0027,0.7642,2.0611,3.1448,1775608626249938539
ecgclass,no_sharing,216.1839,80.8487,78.4321,44.7284,0.0021,33.4164,1.5347,2.4166,1775608626459953419
ecgclass,no_sharing,216.2777,83.2009,80.7233,71.3994,0.0041,8.7794,1.4694,2.4776,1775608626553620636
ecgclass,no_sharing,216.3981,51.3048,48.665,47.6362,0.0024,0.6489,1.709,2.6398,1775608626674293828
ecgclass,no_sharing,216.4846,50.1912,47.3125,46.3375,0.0025,0.639,1.5988,2.8787,1775608626760704322
ecgclass,no_sharing,216.5343,47.3907,44.8078,42.921,0.0016,1.5835,1.694,2.5829,1775608626810473736
ecgclass,no_sharing,216.6921,49.4757,46.244,45.3171,0.0016,0.6292,1.4772,3.2317,1775608626968053634
ecgclass,no_sharing,216.8272,57.3344,54.9543,48.2165,0.0016,6.4298,1.5593,2.3801,1775608627103272594
ecgclass,no_sharing,217.4416,71.4059,67.7115,50.7565,0.0018,16.5348,2.9469,3.6944,1775608627719059634
ecgclass,no_sharing,217.4654,92.2434,43.816,42.9818,0.0013,0.5318,47.5779,48.4275,1775608627787440145
ecgclass,no_sharing,217.5848,59.2148,56.919,37.6097,0.0013,19.0564,1.616,2.2959,1775608627860881212
ecgclass,no_sharing,217.8738,59.1118,57.0839,55.7341,0.0023,0.9127,1.2522,2.028,1775608628149510168
ecgclass,no_sharing,218.0187,78.1591,75.6518,46.3558,0.0017,28.9612,1.5438,2.5073,1775608628294683080
ecgclass,no_sharing,218.5489,40.689,38.1793,37.3306,0.0014,0.527,1.5757,2.5097,1775608628824912986
ecgclass,no_sharing,218.6461,68.975,66.8323,42.2971,0.0013,24.2867,1.421,2.1427,1775608628922048611
ecgclass,no_sharing,218.681,94.7769,59.8541,58.3583,0.0024,1.0176,33.9949,34.9228,1775608628989497460
ecgclass,no_sharing,219.11,72.0327,69.7674,42.4911,0.0015,26.961,1.4086,2.2653,1775608629385892199
ecgclass,no_sharing,219.125,120.5862,62.8596,39.2183,0.0013,23.3357,56.8335,57.7266,1775608629456292980
ecgclass,no_sharing,219.2362,74.059,64.1645,61.8725,0.0025,0.9428,9.105,9.8946,1775608629519757891
ecgclass,no_sharing,219.3204,70.2019,67.6682,66.1769,0.0025,1.0228,1.5566,2.5337,1775608629596473742
ecgclass,no_sharing,219.5034,80.2252,77.0413,75.4383,0.0027,1.0919,2.048,3.1839,1775608629779912036
ecgclass,no_sharing,219.7633,86.0708,83.5824,81.8151,0.0031,1.19,1.5638,2.4883,1775608630039331729
ecgclass,no_sharing,219.8916,50.9863,48.3889,47.3848,0.0018,0.636,1.7016,2.5974,1775608630167755306
ecgclass,no_sharing,220.2678,58.1665,55.6024,54.4276,0.002,0.754,1.5817,2.5641,1775608630543890531
ecgclass,no_sharing,220.2785,106.0879,58.2281,47.4579,0.0015,10.3997,47.1148,47.8598,1775608630600145478
ecgclass,no_sharing,220.3557,88.8319,59.4396,42.5443,0.0015,16.5604,28.6825,29.3923,1775608630658899392
ecgclass,no_sharing,220.5311,58.0978,56.0446,44.9588,0.0016,10.7308,1.349,2.0532,1775608630806909392
ecgclass,no_sharing,220.6255,46.9031,44.905,43.9701,0.0016,0.6318,1.3361,1.9982,1775608630901306393
ecgclass,no_sharing,220.657,70.5667,54.3944,42.7503,0.0015,11.2914,15.3761,16.1722,1775608630946823354
ecgclass,no_sharing,220.7031,76.2818,51.3048,46.8145,0.0016,4.1763,24.2257,24.977,1775608631001763776
ecgclass,no_sharing,220.8035,47.6239,45.4132,43.0519,0.0017,2.0667,1.3921,2.2107,1775608631079379733
ecgclass,no_sharing,220.8883,49.2139,47.1287,44.5195,0.0015,2.3113,1.3199,2.0851,1775608631164085708
ecgclass,no_sharing,221.1496,59.7391,57.3621,51.6448,0.0018,5.391,1.5121,2.377,1775608631425549973
ecgclass,no_sharing,221.3863,74.1768,71.4702,69.9822,0.0025,1.008,1.7118,2.7066,1775608631662525385
ecgclass,no_sharing,221.6108,73.6947,71.0438,48.1534,0.0018,22.544,1.8952,2.6509,1775608631887205113
ecgclass,no_sharing,221.8051,86.9966,84.4024,82.4802,0.0034,1.3327,1.7276,2.5942,1775608632081286354
ecgclass,no_sharing,222.0843,75.7658,73.3216,49.7635,0.0017,23.1854,1.6594,2.4443,1775608632360396559
ecgclass,no_sharing,222.6775,86.5526,84.1563,82.251,0.0034,1.2813,1.4498,2.3963,1775608632953429722
ecgclass,no_sharing,222.7461,78.8765,59.931,54.8552,0.0018,4.6981,17.8852,18.9455,1775608633038464379
ecgclass,no_sharing,223.1771,55.5694,53.1392,52.1073,0.0017,0.7019,1.631,2.4302,1775608633453226336
ecgclass,no_sharing,223.1798,106.9393,53.1518,51.975,0.0017,0.8094,52.717,53.7875,1775608633507023318
ecgclass,no_sharing,223.7875,53.0934,50.5172,48.5063,0.0018,1.6329,1.7138,2.5763,1775608634063701930
ecgclass,no_sharing,223.8093,126.272,94.3587,48.1097,0.0014,22.9374,31.0352,31.9132,1775608634114790002
ecgclass,no_sharing,223.8323,103.2977,94.3587,48.1097,0.0014,22.9374,8.0445,8.939,1775608634114790002
ecgclass,no_sharing,223.9461,54.8422,52.7036,40.988,0.0013,11.4477,1.39,2.1386,1775608634222009681
ecgclass,no_sharing,223.9797,120.0018,97.9924,36.7921,0.0013,20.2987,21.2212,22.0093,1775608634275391319
ecgclass,no_sharing,223.9823,117.7852,97.9924,36.7921,0.0013,20.2987,18.6536,19.7928,1775608634275391319
ecgclass,no_sharing,223.9823,117.7912,97.9924,36.7921,0.0013,20.2987,18.6286,19.7987,1775608634275391319
ecgclass,no_sharing,224.0496,84.8906,34.0234,33.179,0.0012,0.5207,50.143,50.8672,1775608634374231064
ecgclass,no_sharing,224.3987,54.7709,52.2822,45.0745,0.0015,6.9229,1.6167,2.4888,1775608634674831606
ecgclass,no_sharing,224.4248,72.1679,43.063,42.2048,0.0015,0.5389,28.3959,29.1049,1775608634727716382
ecgclass,no_sharing,224.6092,86.8518,84.7742,37.8213,0.0015,46.6646,1.3354,2.0777,1775608634884994855
ecgclass,no_sharing,224.953,80.9534,78.6759,62.4676,0.0082,15.7355,1.4601,2.2774,1775608635228987757
ecgclass,no_sharing,224.9967,87.326,49.1587,44.2981,0.0017,4.4617,37.4777,38.1673,1775608635308690641
ecgclass,no_sharing,225.0651,90.2224,70.6664,43.8973,0.0015,26.4362,18.8127,19.556,1775608635358435846
ecgclass,no_sharing,226.0786,91.9874,89.6601,81.4173,0.0032,7.6389,1.5175,2.3273,1775608636354578756
ecgclass,no_sharing,226.319,87.6193,85.1385,82.8559,0.003,1.6649,1.5926,2.4808,1775608636595035807
ecgclass,no_sharing,226.4635,89.1595,86.9832,51.0876,0.0016,35.596,1.4091,2.1763,1775608636739372144
ecgclass,no_sharing,226.8357,83.4265,80.5504,79.3864,0.0019,0.7581,1.8709,2.8761,1775608637112022633
ecgclass,no_sharing,226.8576,141.7305,79.7652,50.4489,0.0018,28.9348,61.2247,61.9653,1775608637193279676
ecgclass,no_sharing,227.167,52.031,49.593,48.592,0.0116,0.6672,1.76,2.438,1775608637443280982
ecgclass,no_sharing,227.4404,56.0071,53.3473,52.2307,0.002,0.7175,1.7412,2.6599,1775608637716666739
ecgclass,no_sharing,227.5306,60.3292,58.1627,42.6591,0.0017,14.4903,1.4672,2.1665,1775608637806552629
ecgclass,no_sharing,227.605,46.1402,43.72,42.7986,0.0015,0.6272,1.524,2.4202,1775608637880981901
ecgclass,no_sharing,227.7686,77.4529,74.799,73.1108,0.003,1.1441,1.5879,2.6539,1775608638044665587
ecgclass,no_sharing,228.0591,46.4869,44.0812,43.0855,0.0016,0.6322,1.5666,2.4057,1775608638335158026
ecgclass,no_sharing,228.3805,56.2291,53.9469,42.5844,0.0016,11.0113,1.5349,2.2822,1775608638656489405
ecgclass,no_sharing,228.8324,44.0392,41.7743,40.7636,0.0016,0.6433,1.4696,2.2649,1775608639108306454
ecgclass,no_sharing,228.872,50.096,44.9907,44.0493,0.0016,0.6376,4.3395,5.1054,1775608639150797329
ecgclass,no_sharing,228.9283,47.9276,45.5901,42.3305,0.0016,2.9644,1.4603,2.3376,1775608639204220831
ecgclass,no_sharing,229.1984,50.422,47.9802,46.5615,0.0022,0.9678,1.5202,2.4417,1775608639474414348
ecgclass,no_sharing,229.2381,123.0817,111.6187,45.7002,0.0015,32.7547,10.4842,11.463,1775608639523094082
ecgclass,no_sharing,229.2416,119.6172,111.6187,45.7002,0.0015,32.7547,6.9978,7.9985,1775608639523094082
ecgclass,no_sharing,229.2882,124.9182,51.1354,41.9942,0.0015,8.7623,72.9132,73.7829,1775608639635553057
ecgclass,no_sharing,229.3602,94.2273,40.7235,39.8201,0.0016,0.5844,52.6197,53.5039,1775608639687291153
ecgclass,no_sharing,229.4332,63.786,42.0745,41.1273,0.0015,0.6232,20.8406,21.7115,1775608639728560025
ecgclass,no_sharing,229.658,49.8416,47.4647,46.5183,0.0016,0.6611,1.5528,2.377,1775608639934071844
ecgclass,no_sharing,229.8613,46.7949,44.335,43.4219,0.0016,0.6178,1.5764,2.4599,1775608640137322703
ecgclass,no_sharing,229.98,45.342,42.5457,41.7143,0.0015,0.553,1.8666,2.7962,1775608640256316855
ecgclass,no_sharing,230.2397,51.9428,48.3138,47.4033,0.0016,0.605,2.6853,3.6291,1775608640516861959
ecgclass,no_sharing,230.3738,122.4153,120.1699,51.5851,0.0015,68.3044,1.5426,2.2454,1775608640649855363
ecgclass,no_sharing,230.584,39.031,36.7608,35.996,0.0013,0.5149,1.4999,2.2703,1775608640859934818
ecgclass,no_sharing,231.2125,68.8641,66.5049,64.7377,0.003,1.2211,1.472,2.3592,1775608641488474724
ecgclass,no_sharing,231.4956,59.8907,57.4834,45.2517,0.0017,11.86,1.6038,2.4074,1775608641771636900
ecgclass,no_sharing,231.5589,56.0915,53.8952,42.9347,0.0016,10.6724,1.3502,2.1964,1775608641834687664
ecgclass,no_sharing,231.5928,90.0087,67.4209,44.1971,0.0016,22.8961,21.9171,22.5879,1775608641889208819
ecgclass,no_sharing,232.1614,116.523,113.9723,47.9951,0.0014,65.6422,1.6162,2.5507,1775608642437522153
ecgclass,no_sharing,232.3778,82.1333,79.7936,77.9835,0.0032,1.2113,1.5099,2.3397,1775608642653807634
ecgclass,no_sharing,232.7348,90.6241,87.9864,86.0739,0.0034,1.2873,1.6122,2.6377,1775608643010934710
ecgclass,no_sharing,232.9089,48.4085,46.2302,45.2366,0.0016,0.6274,1.4124,2.1783,1775608643184838581
ecgclass,no_sharing,233.0828,56.2661,54.0621,42.3251,0.0015,11.4363,1.4925,2.204,1775608643358733011
ecgclass,no_sharing,234.5246,55.8672,53.4113,42.874,0.0016,10.1606,1.5471,2.4559,1775608644800644406
ecgclass,no_sharing,235.0205,54.6384,52.1314,50.6698,0.0018,1.0759,1.7607,2.507,1775608645296788044
ecgclass,no_sharing,235.0353,87.8031,47.1168,43.6779,0.0012,1.5483,39.6652,40.6863,1775608645349484903
ecgclass,no_sharing,235.0731,50.0629,47.1168,43.6779,0.0012,1.5483,1.9011,2.9461,1775608645349484903
ecgclass,no_sharing,235.1608,71.6338,69.6873,37.6026,0.0013,31.2799,1.2233,1.9465,1775608645436457477
ecgclass,no_sharing,235.2466,95.9964,93.4455,60.9551,0.0021,32.0611,1.8392,2.5509,1775608645522930306
ecgclass,no_sharing,235.2855,128.2358,70.5385,44.6847,0.0013,25.5266,57.004,57.6974,1775608645617024729
ecgclass,no_sharing,235.5075,40.5021,38.3417,37.4367,0.0012,0.6533,1.2889,2.1604,1775608645783269487
ecgclass,no_sharing,235.6179,85.1011,83.0188,41.3919,0.0013,41.3597,1.3745,2.0823,1775608645893805418
ecgclass,no_sharing,236.0533,64.9481,62.803,45.2051,0.0012,17.2688,1.2803,2.1451,1775608646329055038
ecgclass,no_sharing,236.1394,45.3234,43.3155,34.5985,0.0012,8.4519,1.2374,2.0079,1775608646415087263
ecgclass,no_sharing,236.2895,47.2784,44.7972,38.359,0.0014,6.1031,1.5719,2.4812,1775608646565589112
ecgclass,no_sharing,236.3983,37.7691,35.7724,35.0286,0.0013,0.4921,1.2426,1.9967,1775608646673994563
ecgclass,no_sharing,236.6105,94.038,91.8065,39.5887,0.0014,51.9516,1.5717,2.2315,1775608646886591081
ecgclass,no_sharing,236.67,121.4037,86.3475,40.2522,0.0017,45.738,34.3831,35.0562,1775608646978897952
ecgclass,no_sharing,237.0224,63.8077,61.5569,40.6973,0.0013,20.5889,1.5168,2.2508,1775608647298372205
ecgclass,no_sharing,237.7066,92.8152,90.1821,88.261,0.0037,1.2829,1.5781,2.6331,1775608647982699312
ecgclass,no_sharing,237.7197,139.8938,59.2118,58.1388,0.0016,0.3254,79.5441,80.6819,1775608648073731937
ecgclass,no_sharing,237.7214,138.2,59.2118,58.1388,0.0016,0.3254,77.8263,78.9882,1775608648073731937
ecgclass,no_sharing,237.8277,78.5391,46.005,44.9977,0.0017,0.6368,31.6141,32.5341,1775608648133758946
ecgclass,no_sharing,237.9821,45.6309,43.3444,42.4192,0.0015,0.6287,1.3926,2.2866,1775608648257999849
ecgclass,no_sharing,238.2418,55.0504,52.426,51.3456,0.0017,0.6992,1.6978,2.6244,1775608648517984085
ecgclass,no_sharing,238.3488,78.6643,75.252,52.1833,0.0018,22.6908,2.5058,3.4123,1775608648625793697
ecgclass,no_sharing,238.4727,50.9715,48.4135,47.4474,0.0016,0.6545,1.6451,2.558,1775608648748809614
ecgclass,no_sharing,238.6586,51.3918,48.7941,47.8073,0.0018,0.6644,1.6999,2.5978,1775608648934822235
ecgclass,no_sharing,238.759,46.9174,44.549,43.2548,0.0015,0.9972,1.4555,2.3685,1775608649034929192
ecgclass,no_sharing,239.4423,53.4964,51.2853,44.145,0.0014,6.7932,1.4789,2.2111,1775608649718272693
ecgclass,no_sharing,239.4551,161.6826,120.0858,43.6828,0.0035,38.0286,40.6098,41.5968,1775608649770145808
ecgclass,no_sharing,239.4803,136.4498,120.0858,43.6828,0.0035,38.0286,15.3625,16.364,1775608649770145808
ecgclass,no_sharing,239.6289,36.8326,34.56,33.7457,0.0013,0.5531,1.5552,2.2726,1775608649904978795
ecgclass,no_sharing,239.6903,70.0145,68.066,35.1192,0.0013,32.6972,1.1983,1.9485,1775608649965984080
ecgclass,no_sharing,240.0367,119.2551,116.867,43.1396,0.0015,73.437,1.5373,2.388,1775608650312756141
ecgclass,no_sharing,240.1218,108.3312,73.6774,43.1857,0.0013,30.1946,33.8862,34.6538,1775608650430160961
ecgclass,no_sharing,240.1678,177.9339,114.8166,47.7858,0.0016,33.3325,62.1228,63.1173,1775608650504427998
ecgclass,no_sharing,240.2025,143.261,114.8166,47.7858,0.0016,33.3325,27.4274,28.4443,1775608650504427998
ecgclass,no_sharing,240.3964,48.7323,46.4758,45.469,0.0016,0.6836,1.4355,2.2565,1775608650672335283
ecgclass,no_sharing,240.4319,57.2317,43.3897,40.4907,0.0016,2.5522,12.9738,13.842,1775608650719393163
ecgclass,no_sharing,240.5453,46.1619,43.8192,42.8907,0.0016,0.63,1.5132,2.3426,1775608650821317363
ecgclass,no_sharing,240.7737,55.6512,53.2552,42.5109,0.0016,9.8485,1.503,2.396,1775608651049670507
ecgclass,no_sharing,241.0319,53.8118,51.2509,50.1041,0.0016,0.7736,1.6668,2.5609,1775608651308006588
ecgclass,no_sharing,241.128,57.5795,55.0832,43.5437,0.0016,11.2489,1.5888,2.4963,1775608651404023958
ecgclass,no_sharing,241.1369,96.6773,47.4178,46.4645,0.0016,0.6152,48.3284,49.2595,1775608651459757193
ecgclass,no_sharing,241.2272,61.0442,54.0978,52.7107,0.0021,0.9756,6.0377,6.9464,1775608651507733650
ecgclass,no_sharing,241.3369,52.6333,50.2105,47.1754,0.0017,2.6635,1.5833,2.4228,1775608651612941240
ecgclass,no_sharing,241.4605,75.6648,73.2712,42.2626,0.0018,30.7116,1.5178,2.3936,1775608651736508742
ecgclass,no_sharing,241.5149,94.0847,72.2588,45.9845,0.0016,25.9318,20.9768,21.8259,1775608651810359261
ecgclass,no_sharing,242.3554,65.9547,63.3546,49.6636,0.002,13.344,1.6799,2.6,1775608652631581690
ecgclass,no_sharing,242.6328,85.5527,83.2431,43.0738,0.0014,39.8965,1.4174,2.3096,1775608652908661711
ecgclass,no_sharing,242.6517,155.2365,87.9251,58.3907,0.0022,14.5299,66.3311,67.3114,1775608652992488667
ecgclass,no_sharing,242.6684,138.546,87.9251,58.3907,0.0022,14.5299,49.6187,50.6209,1775608652992488667
ecgclass,no_sharing,242.7879,80.3335,60.5309,59.1113,0.0024,0.9265,18.9176,19.8026,1775608653081276943
ecgclass,no_sharing,243.1095,71.8963,69.3558,67.9383,0.0025,0.9481,1.6818,2.5405,1775608653385685843
ecgclass,no_sharing,243.126,125.5941,69.3783,67.6864,0.0028,1.1299,55.2406,56.2159,1775608653455755446
ecgclass,no_sharing,243.4487,78.7587,76.3884,50.7693,0.0016,25.3101,1.5185,2.3703,1775608653724698256
ecgclass,no_sharing,243.664,55.3651,52.834,51.7793,0.0018,0.6973,1.6403,2.531,1775608653940120733
ecgclass,no_sharing,243.9966,84.8341,82.3208,51.1434,0.0018,30.8368,1.668,2.5133,1775608654272748730
ecgclass,no_sharing,244.3421,91.9929,89.2753,87.0907,0.0033,1.5566,1.7266,2.7175,1775608654618354993
ecgclass,no_sharing,244.6197,49.9775,47.4232,46.4279,0.0017,0.6502,1.6551,2.5543,1775608654895809705
ecgclass,no_sharing,244.8092,85.9482,83.5128,44.3391,0.0017,38.8132,1.5984,2.4354,1775608655085310418
ecgclass,no_sharing,245.2272,79.4952,76.9808,73.7895,0.0036,2.6046,1.5192,2.5144,1775608655503163759
ecgclass,no_sharing,245.4281,48.7585,46.3404,45.3985,0.0016,0.6294,1.5392,2.4181,1775608655704138574
ecgclass,no_sharing,245.5976,72.9871,70.7098,50.8341,0.0015,19.5844,1.4653,2.2773,1775608655873579584
ecgclass,no_sharing,245.7486,82.3379,79.8257,77.9634,0.0029,1.3136,1.4811,2.5121,1775608656024603942
ecgclass,no_sharing,246.0284,74.1265,71.5238,51.5809,0.0017,19.5636,1.7483,2.6027,1775608656304678076
ecgclass,no_sharing,246.0977,86.3304,80.7829,50.8655,0.0016,29.5683,4.6175,5.5475,1775608656376846948
ecgclass,no_sharing,246.9563,54.4817,52.2612,45.4413,0.002,6.4417,1.5376,2.2205,1775608657232343553
ecgclass,no_sharing,247.2781,90.6913,88.3171,86.3788,0.0032,1.3162,1.4505,2.3742,1775608657554032134
ecgclass,no_sharing,247.3141,114.584,59.249,55.0264,0.0018,3.8142,54.5433,55.335,1775608657643091526
ecgclass,no_sharing,247.5684,49.999,47.5738,45.2323,0.0017,2.0289,1.5488,2.4252,1775608657844469740
ecgclass,no_sharing,247.8317,47.9536,45.474,44.4606,0.0016,0.6507,1.5485,2.4796,1775608658107713062
ecgclass,no_sharing,247.8594,66.4062,45.5598,43.7034,0.0017,0.8882,19.9482,20.8464,1775608658153829643
ecgclass,no_sharing,247.9702,45.8217,43.5802,42.6224,0.0016,0.6643,1.3719,2.2415,1775608658246098108
ecgclass,no_sharing,248.039,76.4265,74.055,46.7009,0.0017,27.0594,1.4746,2.3715,1775608658314915080
ecgclass,no_sharing,248.0793,87.626,50.9964,45.7741,0.0015,4.8908,35.7618,36.6295,1775608658389544610
ecgclass,no_sharing,248.1386,87.7042,58.8124,41.531,0.0015,16.9416,28.0285,28.8918,1775608658441092177
ecgclass,no_sharing,248.4126,45.7792,43.2421,42.3183,0.0016,0.6162,1.6639,2.5371,1775608658688757298
ecgclass,no_sharing,248.553,54.3017,51.8938,38.9715,0.0014,12.6494,1.5233,2.408,1775608658829051710
ecgclass,no_sharing,248.6226,38.8429,36.5262,35.7592,0.0014,0.5107,1.44,2.3167,1775608658898473616
ecgclass,no_sharing,248.6686,62.6433,60.4245,35.1448,0.0013,25.0414,1.3833,2.2188,1775608658944467876
ecgclass,no_sharing,249.0289,39.8386,37.4686,36.6225,0.0013,0.5247,1.5228,2.3699,1775608659304953461
ecgclass,no_sharing,249.1532,40.5645,38.255,36.842,0.0014,1.0614,1.4427,2.3095,1775608659429114417
ecgclass,no_sharing,249.3943,56.5948,54.1193,37.5322,0.0013,16.2598,1.579,2.4756,1775608659670378516
ecgclass,no_sharing,249.5054,98.8111,96.5258,48.5475,0.0013,47.7267,1.4462,2.2853,1775608659781313821
ecgclass,no_sharing,249.5649,82.9811,43.1215,37.2025,0.0013,5.6729,38.9881,39.8596,1775608659878390407
ecgclass,no_sharing,249.8457,96.3266,93.7818,47.5004,0.0016,45.9676,1.6758,2.5448,1775608660121827608
ecgclass,no_sharing,249.99,53.648,51.3755,36.292,0.0012,14.8279,1.4446,2.2725,1775608660265909810
ecgclass,no_sharing,250.197,47.5507,45.1225,43.9341,0.0021,0.8021,1.5235,2.4281,1775608660472970272
ecgclass,no_sharing,250.5752,64.909,62.3349,61.0576,0.0022,0.8584,1.6541,2.5741,1775608660851317269
ecgclass,no_sharing,251.09,46.155,43.7959,42.9548,0.0014,0.5528,1.498,2.359,1775608661366022592
ecgclass,no_sharing,251.3455,58.6157,56.0094,51.7304,0.0018,3.9159,1.7023,2.6063,1775608661621666285
ecgclass,no_sharing,251.5401,79.1867,76.8554,47.9333,0.0016,28.6011,1.5564,2.3313,1775608661816114532
ecgclass,no_sharing,251.8583,55.1987,52.6242,51.2882,0.002,0.9623,1.667,2.5745,1775608662134411112
ecgclass,no_sharing,251.9237,76.2849,73.8702,45.8782,0.0017,27.6965,1.4932,2.4147,1775608662199636797
ecgclass,no_sharing,252.0015,87.6675,85.2452,38.6038,0.0014,46.3866,1.6096,2.4223,1775608662277605263
ecgclass,no_sharing,252.2631,56.1862,53.8148,52.675,0.0021,0.784,1.4727,2.3714,1775608662539074057
ecgclass,no_sharing,252.3405,57.5066,55.0132,52.9735,0.002,1.6806,1.5473,2.4934,1775608662616544124
ecgclass,no_sharing,252.4172,56.459,54.1723,52.9747,0.002,0.8265,1.3814,2.2867,1775608662693083701
ecgclass,no_sharing,252.8418,58.2266,55.5614,54.4358,0.0021,0.7194,1.7171,2.6651,1775608663118025261
ecgclass,no_sharing,253.1807,87.3349,84.9723,51.7798,0.0018,32.838,1.57,2.3625,1775608663456778751
ecgclass,no_sharing,253.2603,100.4381,91.9552,48.2257,0.0018,43.3279,7.6382,8.4829,1775608663542446668
ecgclass,no_sharing,253.3812,95.49,92.8147,50.0114,0.0017,42.4786,1.8141,2.6753,1775608663657537360
ecgclass,no_sharing,253.7311,85.9835,83.6057,57.4566,0.002,25.8371,1.5066,2.3778,1775608664007060451
ecgclass,no_sharing,253.7495,129.3774,61.2187,47.7365,0.0017,13.1237,67.3118,68.1587,1775608664091303849
ecgclass,no_sharing,254.0051,54.1122,52.0198,46.9867,0.0017,4.73,1.1783,2.0924,1775608664280738993
ecgclass,no_sharing,254.0423,78.4206,60.9263,47.8443,0.0017,12.7354,16.6435,17.4944,1775608664333411548
ecgclass,no_sharing,254.4326,53.7694,51.399,45.4905,0.0018,5.5637,1.4989,2.3704,1775608664708585671
ecgclass,no_sharing,254.5623,55.197,52.6713,49.6803,0.0019,2.6665,1.6208,2.5257,1775608664838432530
ecgclass,no_sharing,254.5961,140.2113,117.9052,47.5092,0.0016,23.3411,21.2624,22.3062,1775608664891803164
ecgclass,no_sharing,254.5961,140.2006,117.9052,47.5092,0.0016,23.3411,21.2293,22.2954,1775608664891803164
ecgclass,no_sharing,254.6032,133.2915,117.9052,47.5092,0.0016,23.3411,14.1327,15.3863,1775608664891803164
ecgclass,no_sharing,254.6829,104.5921,50.4774,49.3009,0.0022,0.7458,53.1933,54.1147,1775608665010599532
ecgclass,no_sharing,254.991,56.1233,53.7684,44.3907,0.0015,9.0813,1.5192,2.3548,1775608665266994052
ecgclass,no_sharing,254.9967,94.9113,43.8592,43.0089,0.0014,0.545,50.1645,51.0522,1775608665321351920
ecgclass,no_sharing,255.2649,87.9784,85.529,80.5266,0.0033,3.3613,1.5495,2.4494,1775608665540951231
ecgclass,no_sharing,255.7123,96.4267,93.7623,91.9952,0.003,1.2116,1.6866,2.6645,1775608665988517757
ecgclass,no_sharing,255.7975,111.8,99.886,79.6461,0.0023,19.6794,11.0083,11.9139,1775608666083038711
ecgclass,no_sharing,256.065,70.1292,67.7876,66.3155,0.002,1.0902,1.4281,2.3416,1775608666340878270
ecgclass,no_sharing,256.0686,180.2213,112.9279,63.6726,0.0019,24.3924,66.1864,67.2934,1775608666409317926
ecgclass,no_sharing,256.0944,154.5153,112.9279,63.6726,0.0019,24.3924,40.4577,41.5873,1775608666409317926
ecgclass,no_sharing,256.1519,138.5071,41.1939,40.2696,0.0015,0.5859,96.5323,97.3132,1775608666522918927
ecgclass,no_sharing,256.2633,68.7721,41.0054,40.0794,0.0016,0.6048,26.9229,27.7667,1775608666564673279
ecgclass,no_sharing,256.5104,61.2295,58.8123,52.4906,0.0019,5.9627,1.5931,2.4171,1775608666786457975
ecgclass,no_sharing,256.8585,90.5559,87.9007,86.0228,0.0032,1.2642,1.6673,2.6552,1775608667134604629
ecgclass,no_sharing,256.9532,92.7482,90.1455,86.4822,0.0028,3.1513,1.6291,2.6026,1775608667229330814
ecgclass,no_sharing,257.0972,46.5677,44.2853,42.8437,0.0015,1.1255,1.4703,2.2824,1775608667373126381
ecgclass,no_sharing,257.9001,54.723,52.1761,51.1835,0.0018,0.6769,1.6868,2.547,1775608668176223570
ecgclass,no_sharing,258.06,55.3668,52.7657,51.7631,0.0019,0.6715,1.687,2.601,1775608668336217747
ecgclass,no_sharing,258.1654,80.4749,77.9961,69.9872,0.0021,7.5595,1.5872,2.4788,1775608668441442197
ecgclass,no_sharing,258.5098,49.5694,47.1632,46.194,0.0017,0.6454,1.5178,2.4061,1775608668785768050
ecgclass,no_sharing,259.6023,56.3526,53.9515,39.1982,0.0014,14.4011,1.5185,2.4011,1775608669878336192
ecgclass,no_sharing,259.7094,61.0144,58.6515,57.2062,0.0022,0.9537,1.5101,2.3629,1775608669985423728
ecgclass,no_sharing,259.9317,50.5292,48.5644,47.6136,0.0016,0.6414,1.1094,1.9649,1775608670207249175
ecgclass,no_sharing,260.4239,89.5984,86.9982,70.6697,0.0017,15.9941,1.4672,2.6002,1775608670699890674
ecgclass,no_sharing,260.5128,57.6587,55.3243,49.5736,0.0025,5.3066,1.4839,2.3343,1775608670788724516
ecgclass,no_sharing,260.63,53.0581,50.7351,44.3389,0.0018,6.0829,1.4153,2.3231,1775608670905886870
ecgclass,no_sharing,260.7866,55.3439,52.8811,46.3601,0.0017,6.1954,1.5073,2.4627,1775608671062544756
ecgclass,no_sharing,260.9574,73.0758,70.6977,61.6426,0.0018,8.7116,1.5149,2.3781,1775608671233409401
ecgclass,no_sharing,261.2252,48.9776,46.6781,45.7021,0.0018,0.6593,1.4169,2.2995,1775608671501060683
ecgclass,no_sharing,261.4654,79.8533,77.2849,76.3646,0.0015,0.5808,1.7118,2.5684,1775608671741611655
ecgclass,no_sharing,261.5745,82.2637,79.8574,64.7938,0.0021,14.6893,1.5132,2.4063,1775608671850475758
ecgclass,no_sharing,262.0873,56.2365,53.8677,52.0283,0.0019,1.4738,1.4429,2.3688,1775608672363229363
ecgclass,no_sharing,262.2023,37.4854,35.3067,34.5299,0.0013,0.5212,1.312,2.1786,1775608672478143907
ecgclass,no_sharing,262.2566,56.046,53.8295,48.8114,0.0013,4.7469,1.3528,2.2165,1775608672532472896
ecgclass,no_sharing,262.4518,42.3207,39.9471,39.1156,0.0015,0.5624,1.471,2.3736,1775608672727743385
ecgclass,no_sharing,262.818,54.2314,51.6029,50.4522,0.0018,0.7658,1.6587,2.6285,1775608673094127347
ecgclass,no_sharing,262.8804,73.6866,71.3011,63.0416,0.002,6.7837,1.5833,2.3855,1775608673156485023
ecgclass,no_sharing,263.0596,50.0085,47.7551,37.3582,0.0013,10.138,1.3859,2.2535,1775608673335491938
ecgclass,no_sharing,263.1391,47.9162,45.6929,37.0317,0.0013,8.4097,1.3781,2.2233,1775608673415003209
ecgclass,no_sharing,263.1458,77.8267,35.9806,35.1889,0.0013,0.5079,40.9372,41.8461,1775608673461240446
ecgclass,no_sharing,263.2012,61.8367,38.9051,37.9978,0.0014,0.5943,22.0578,22.9316,1775608673497750072
ecgclass,no_sharing,263.4357,60.4444,58.1643,56.1331,0.0018,1.6687,1.3793,2.28,1775608673711561269
ecgclass,no_sharing,263.7164,51.4877,49.0665,47.9761,0.0019,0.7017,1.4958,2.4212,1775608673992386818
ecgclass,no_sharing,263.7701,49.4361,47.0741,45.665,0.0014,1.1264,1.4188,2.362,1775608674045999345
ecgclass,no_sharing,263.9684,48.7881,46.6022,45.8256,0.0013,0.5009,1.38,2.1859,1775608674244217178
ecgclass,no_sharing,264.0804,44.5983,42.2702,41.3651,0.0016,0.6123,1.4157,2.3281,1775608674356272898
ecgclass,no_sharing,264.2661,84.5098,82.2253,80.5291,0.0019,0.6651,1.436,2.2846,1775608674542066163
ecgclass,no_sharing,264.2738,125.4637,47.6715,46.4896,0.0017,0.3596,76.6687,77.7922,1775608674624994603
ecgclass,no_sharing,264.3057,93.6267,47.6715,46.4896,0.0017,0.3596,44.8101,45.9552,1775608674624994603
ecgclass,no_sharing,264.3492,96.7834,45.8939,44.8566,0.0019,0.6585,50.0054,50.8895,1775608674673646347
ecgclass,no_sharing,264.4185,102.9148,74.889,71.127,0.0024,3.2576,27.1175,28.0258,1775608674720117929
ecgclass,no_sharing,264.5268,50.251,47.9638,46.9833,0.0019,0.6584,1.3764,2.2872,1775608674802633845
ecgclass,no_sharing,264.6416,57.2095,54.8806,42.9813,0.0018,11.5982,1.4355,2.3289,1775608674917488036
ecgclass,no_sharing,264.7524,66.0901,63.7424,62.6806,0.002,0.6891,1.4534,2.3477,1775608675028362843
ecgclass,no_sharing,264.7801,99.7751,60.7183,59.1853,0.0024,1.0003,38.1422,39.0568,1775608675092759469
ecgclass,no_sharing,265.3583,48.3201,45.8916,44.907,0.0018,0.6702,1.5593,2.4284,1775608675634353962
ecgclass,no_sharing,265.4438,48.948,46.5061,45.5159,0.0019,0.6698,1.4899,2.4419,1775608675719813966
ecgclass,no_sharing,265.6031,97.2264,94.5861,76.2712,0.0026,17.8233,1.7164,2.6403,1775608675879264574
ecgclass,no_sharing,265.9995,47.1387,44.6687,43.3457,0.0016,1.0354,1.56,2.47,1775608676275579367
ecgclass,no_sharing,266.027,68.9614,48.69,40.4973,0.0014,7.8916,19.4163,20.2714,1775608676320879576
ecgclass,no_sharing,266.1946,43.6475,41.3748,39.6485,0.0015,1.4497,1.4229,2.2727,1775608676470543316
ecgclass,no_sharing,266.2945,74.8982,72.5814,70.7864,0.0022,1.3648,1.466,2.3168,1775608676570447086
ecgclass,no_sharing,266.6306,64.7452,61.5843,60.2974,0.0019,0.866,2.1038,3.1609,1775608676907211270
ecgclass,no_sharing,266.762,43.9577,41.5927,40.7117,0.0017,0.6018,1.4236,2.365,1775608677037924243
ecgclass,no_sharing,266.8482,49.2127,46.8433,41.9844,0.0016,4.5687,1.4739,2.3694,1775608677124146365
ecgclass,no_sharing,266.8509,90.4331,43.3071,38.2839,0.0015,4.7188,46.243,47.126,1775608677171633729
ecgclass,no_sharing,267.3911,86.4837,83.7503,81.9651,0.0034,1.2133,1.7264,2.7334,1775608677667265815
ecgclass,no_sharing,267.4138,123.6129,59.1898,57.9868,0.002,0.7247,63.5281,64.4231,1775608677751814322
ecgclass,no_sharing,267.6107,87.0113,84.2332,83.2104,0.0017,0.6152,1.8902,2.7782,1775608677887041422
ecgclass,no_sharing,267.6848,54.0779,40.5006,39.6353,0.0015,0.5485,12.6266,13.5772,1775608677971925083
ecgclass,no_sharing,268.3433,50.3287,47.8106,46.57,0.0017,0.8758,1.6477,2.5181,1775608678619479187
ecgclass,no_sharing,268.3761,59.2709,41.1992,40.3195,0.0015,0.5509,17.3194,18.0716,1775608678667894505
ecgclass,no_sharing,268.9182,50.9305,48.8066,47.7377,0.0018,0.7392,1.2701,2.1239,1775608679193906935
ecgclass,no_sharing,269.7458,50.462,48.119,39.3921,0.0015,8.4551,1.5674,2.343,1775608680021824828
ecgclass,no_sharing,269.8084,41.2555,39.3218,38.5148,0.0013,0.5441,1.2805,1.9337,1775608680084150886
ecgclass,no_sharing,269.8312,55.007,36.0346,35.2415,0.0013,0.4986,18.2848,18.9724,1775608680124015741
ecgclass,no_sharing,270.0432,68.0497,65.8581,64.9828,0.0015,0.5493,1.4279,2.1915,1775608680319130117
ecgclass,no_sharing,270.1048,45.5005,38.3673,37.5151,0.0015,0.5454,6.3634,7.1332,1775608680385625793
ecgclass,no_sharing,270.1828,91.3508,89.3038,37.9491,0.0015,50.5614,1.2994,2.047,1775608680458574541
ecgclass,no_sharing,270.4536,74.4987,71.9028,69.3314,0.0022,2.1652,1.6251,2.5958,1775608680729678064
ecgclass,no_sharing,270.8777,46.2117,43.8375,42.9267,0.0016,0.5844,1.6108,2.3742,1775608681153815809
ecgclass,no_sharing,271.0638,58.0459,55.551,54.1741,0.002,0.9875,1.5388,2.4949,1775608681339850611
ecgclass,no_sharing,271.3933,58.0282,55.8241,43.5944,0.0018,11.9163,1.4241,2.2041,1775608681669170706
ecgclass,no_sharing,271.4174,126.6205,92.0928,60.3653,0.0021,31.3067,33.8187,34.5278,1775608681725656798
ecgclass,no_sharing,271.917,46.4559,44.3312,36.7917,0.0014,7.28,1.3382,2.1247,1775608682192778482
ecgclass,no_sharing,271.9448,64.3835,45.2717,39.7372,0.0013,5.2507,18.3954,19.1119,1775608682237655719
ecgclass,no_sharing,271.9685,77.1,35.9518,35.1542,0.0014,0.5127,40.4449,41.1483,1775608682283472726
ecgclass,no_sharing,272.0303,70.1284,54.2725,51.7828,0.0018,2.0984,15.1737,15.8559,1775608682319958222
ecgclass,no_sharing,272.18,62.6054,60.401,38.2182,0.0016,21.8972,1.2739,2.2043,1775608682455804825
ecgclass,no_sharing,272.2176,121.7344,96.187,51.1496,0.0024,44.5296,24.6611,25.5474,1775608682516785379
ecgclass,no_sharing,272.7313,99.1552,96.4539,94.6135,0.0027,1.2973,1.6932,2.7013,1775608683007489397
ecgclass,no_sharing,272.7818,139.7374,90.7234,76.5561,0.0024,13.6532,48.3212,49.014,1775608683104646086
ecgclass,no_sharing,273.2108,63.3571,60.6554,59.1114,0.0024,1.1304,1.6556,2.7017,1775608683486948951
ecgclass,no_sharing,273.7105,74.5203,71.8,70.0884,0.0032,1.1642,1.6811,2.7203,1775608683986660932
ecgclass,no_sharing,273.8246,93.698,91.3175,76.7539,0.0016,14.2197,1.6463,2.3806,1775608684100701558
ecgclass,no_sharing,274.2737,70.5781,68.5161,44.1431,0.0016,24.0031,1.3158,2.062,1775608684549448890
ecgclass,no_sharing,274.6067,74.8568,72.7868,44.4672,0.0016,28.0095,1.272,2.0699,1775608684882474008
ecgclass,no_sharing,274.7112,78.0361,76.0713,57.2735,0.0024,18.3674,1.2305,1.9648,1775608684986897286
ecgclass,no_sharing,275.0475,49.6907,47.4356,45.9466,0.0016,1.1973,1.4155,2.2551,1775608685323378328
ecgclass,no_sharing,275.2775,54.1413,51.4776,50.4673,0.0019,0.6489,1.7703,2.6637,1775608685553778028
ecgclass,no_sharing,275.3429,49.6197,47.0544,46.1346,0.0016,0.5819,1.6422,2.5652,1775608685619002803
ecgclass,no_sharing,276.0864,55.4538,53.6025,38.1701,0.0013,15.0832,1.2579,1.8513,1775608686362130043
ecgclass,no_sharing,276.2812,111.6786,109.688,44.2437,0.0013,65.1192,1.2641,1.9906,1775608686556928649
ecgclass,no_sharing,276.6545,46.8235,44.8952,35.3192,0.0014,9.2919,1.2343,1.9283,1775608686930237399
ecgclass,no_sharing,276.7676,42.4304,40.4393,39.5576,0.0015,0.5741,1.256,1.9911,1775608687043300152
ecgclass,no_sharing,276.9811,67.7142,65.7125,60.9789,0.0018,4.3514,1.2963,2.0017,1775608687256856080
ecgclass,no_sharing,277.0375,83.5662,71.664,41.8787,0.0017,29.378,11.2059,11.9022,1775608687323178004
ecgclass,no_sharing,277.1117,110.7223,100.8161,49.3748,0.0013,51.1105,9.2075,9.9062,1775608687395434598
ecgclass,no_sharing,277.3977,57.9348,55.7664,50.7837,0.0018,4.6531,1.4579,2.1684,1775608687673675278
ecgclass,no_sharing,277.8054,97.6555,95.2314,92.3327,0.0024,1.1973,1.5252,2.4241,1775608688081421923
ecgclass,no_sharing,278.6252,93.6065,90.7666,73.1946,0.0019,17.1736,2.0041,2.8399,1775608688901663939
ecgclass,no_sharing,278.7645,52.4375,49.9144,48.6309,0.0075,0.8299,1.5404,2.5232,1775608689040505303
ecgclass,no_sharing,278.7712,139.0643,92.3194,47.8779,0.0023,21.9399,45.6767,46.745,1775608689091345959
ecgclass,no_sharing,278.8088,101.4481,92.3194,47.8779,0.0023,21.9399,8.0221,9.1287,1775608689091345959
ecgclass,no_sharing,278.8461,117.1765,52.2437,51.1503,0.0018,0.6929,63.9429,64.9328,1775608689184535053
ecgclass,no_sharing,279.5137,64.0781,61.4284,59.8003,0.0027,1.0689,1.6925,2.6497,1775608689789919918
ecgclass,no_sharing,279.588,57.8909,55.3897,54.5383,0.0014,0.5553,1.5492,2.5012,1775608689864055988
ecgclass,no_sharing,279.6661,65.8064,63.5701,43.4316,0.0019,19.7623,1.4668,2.2363,1775608689942059277
ecgclass,no_sharing,280.2075,46.4692,44.1028,42.3319,0.0031,1.1716,1.5724,2.3664,1775608690483591028
ecgclass,no_sharing,280.3668,80.7788,78.3602,76.5684,0.0031,1.1853,1.3971,2.4186,1775608690642648404
ecgclass,no_sharing,280.4528,85.228,83.0577,66.5895,0.0023,14.8369,1.3423,2.1702,1775608690728648037
ecgclass,no_sharing,280.4588,234.4532,154.6254,47.9357,0.0015,35.4468,79.041,79.8278,1775608690812295639
ecgclass,no_sharing,280.4783,214.9968,154.6254,47.9357,0.0015,35.4468,59.5613,60.3714,1775608690812295639
ecgclass,no_sharing,280.5279,165.54,154.6254,47.9357,0.0015,35.4468,9.9385,10.9145,1775608690812295639
ecgclass,no_sharing,280.5816,157.352,44.8152,43.787,0.0016,0.6547,111.7775,112.5368,1775608690967842271
ecgclass,no_sharing,280.7036,82.1157,46.0489,45.0621,0.0016,0.6463,35.1751,36.0667,1775608691013210382
ecgclass,no_sharing,280.8838,56.5548,53.6482,52.5957,0.002,0.7181,1.682,2.9066,1775608691159969244
ecgclass,no_sharing,280.9396,49.6294,47.1112,46.1572,0.0018,0.6483,1.6477,2.5182,1775608691215689689
ecgclass,no_sharing,281.1133,67.5354,64.9691,50.9329,0.0019,13.7061,1.6906,2.5663,1775608691389448277
ecgclass,no_sharing,281.2253,55.8197,53.5884,50.909,0.0021,2.2957,1.354,2.2313,1775608691501121043
ecgclass,no_sharing,281.582,102.9766,100.9095,56.1706,0.0017,44.3441,1.4708,2.067,1775608691857949363
ecgclass,no_sharing,281.7347,48.9368,46.8918,40.4753,0.0015,6.1286,1.2975,2.0451,1775608692010479004
ecgclass,no_sharing,281.8754,45.6665,43.4769,41.9931,0.0016,1.187,1.4427,2.1896,1775608692151358987
ecgclass,no_sharing,281.9712,68.4638,66.4224,59.4576,0.0014,6.6625,1.2398,2.0414,1775608692246906817
ecgclass,no_sharing,282.1051,93.8041,91.8025,53.0147,0.0016,38.473,1.3134,2.0016,1775608692380856010
ecgclass,no_sharing,282.1778,68.151,46.4136,45.4758,0.0016,0.6104,20.8919,21.7374,1775608692473216410
ecgclass,no_sharing,282.2356,79.7248,68.5477,66.604,0.0024,1.4538,10.1874,11.1771,1775608692520247390
ecgclass,no_sharing,282.4089,47.2543,44.9717,44.0191,0.0017,0.6516,1.4191,2.2826,1775608692684850626
ecgclass,no_sharing,282.4904,48.9545,46.5013,45.5455,0.0019,0.6363,1.555,2.4532,1775608692766449397
ecgclass,no_sharing,282.5683,55.2285,52.7879,44.83,0.0017,7.6423,1.4672,2.4405,1775608692844204906
ecgclass,no_sharing,283.2065,64.1873,61.9964,55.6936,0.0026,5.8266,1.4312,2.1909,1775608693482444057
ecgclass,no_sharing,283.4379,83.9727,81.634,52.4962,0.0019,28.8031,1.5228,2.3387,1775608693713907705
ecgclass,no_sharing,283.539,119.4775,117.3837,52.1668,0.0016,64.9051,1.3802,2.0938,1775608693814882531
ecgclass,no_sharing,283.761,54.0729,52.1522,45.6627,0.0017,6.1662,1.1604,1.9207,1775608694036595850
ecgclass,no_sharing,284.1215,115.6147,113.7205,54.2919,0.0018,59.097,1.2324,1.8942,1775608694397165832
ecgclass,no_sharing,284.9121,56.0451,53.961,52.8497,0.0021,0.7032,1.2922,2.0841,1775608695187908642
ecgclass,no_sharing,285.0791,77.9674,75.6527,53.4745,0.0018,21.8196,1.4982,2.3147,1775608695355098283
ecgclass,no_sharing,285.0907,167.6424,100.5173,54.3966,0.0016,45.7594,66.2649,67.1251,1775608695431414603
ecgclass,no_sharing,285.2344,105.7217,80.9898,61.7445,0.0022,9.3879,23.6385,24.7319,1775608695532547127
ecgclass,no_sharing,285.2523,87.8704,80.9898,61.7445,0.0022,9.3879,5.7626,6.8805,1775608695532547127
ecgclass,no_sharing,285.9348,53.1006,50.5083,49.5196,0.0019,0.6513,1.6549,2.5923,1775608696210893425
ecgclass,no_sharing,285.9665,67.8508,45.867,42.8388,0.0015,1.3481,21.0166,21.9838,1775608696261993029
ecgclass,no_sharing,285.9812,53.1142,45.867,42.8388,0.0015,1.3481,6.2609,7.2471,1775608696261993029
ecgclass,no_sharing,286.443,62.896,60.6712,45.8012,0.0013,14.5379,1.3649,2.2248,1775608696718815106
ecgclass,no_sharing,286.5596,40.6463,38.5055,37.7148,0.0015,0.5334,1.4138,2.1408,1775608696835537145
ecgclass,no_sharing,286.7031,47.5628,45.2563,42.9517,0.0026,0.9769,1.4875,2.3065,1775608696979110471
ecgclass,no_sharing,286.8201,69.3448,67.1752,45.743,0.0015,21.1267,1.3773,2.1695,1775608697095985674
ecgclass,no_sharing,287.35,89.6201,87.0975,82.0743,0.0031,4.3814,1.6332,2.5226,1775608697626083055
ecgclass,no_sharing,287.5248,61.372,59.1119,41.4588,0.0017,17.3448,1.4338,2.2601,1775608697800721966
ecgclass,no_sharing,287.6536,44.2641,41.9636,41.066,0.0017,0.6099,1.4181,2.3005,1775608697929459755
ecgclass,no_sharing,287.6758,72.1059,49.4229,42.2323,0.0016,6.8549,21.755,22.6829,1775608697972030871
ecgclass,no_sharing,288.2616,85.6633,83.3738,80.001,0.0029,2.7967,1.4529,2.2895,1775608698537494983
ecgclass,no_sharing,288.3148,83.4303,50.3318,49.3004,0.0016,0.6586,32.3441,33.0985,1775608698621591815
ecgclass,no_sharing,288.8669,86.4403,84.4417,47.088,0.0015,37.0003,1.3533,1.9986,1775608699142715520
ecgclass,no_sharing,288.8774,148.6907,72.2946,48.1648,0.0015,23.828,75.6354,76.3961,1775608699227516713
ecgclass,no_sharing,289.2859,80.7335,78.2756,75.384,0.0033,2.336,1.4849,2.458,1775608699561836978
ecgclass,no_sharing,289.3978,86.165,83.4908,81.7243,0.0031,1.1962,1.6398,2.6741,1775608699673946525
ecgclass,no_sharing,290.265,82.1106,79.775,50.0359,0.0018,29.3263,1.5559,2.3356,1775608700541048788
ecgclass,no_sharing,290.6204,80.426,78.3944,47.9797,0.0016,30.1188,1.2269,2.0316,1775608700896115346
ecgclass,no_sharing,290.6459,119.7941,64.2091,39.8746,0.0013,12.0129,54.7941,55.5851,1775608700975144993
ecgclass,no_sharing,290.6726,93.0557,64.2091,39.8746,0.0013,12.0129,28.0447,28.8467,1775608700975144993
ecgclass,no_sharing,290.7519,71.3756,56.8634,54.9205,0.0023,1.4701,13.7639,14.5122,1775608701040135123
ecgclass,no_sharing,291.4517,80.7493,78.5118,76.7492,0.0028,1.1734,1.4217,2.2375,1775608701727581198
ecgclass,no_sharing,291.6312,60.7243,58.5044,41.6588,0.0016,16.4698,1.4045,2.2198,1775608701907077611
ecgclass,no_sharing,291.8083,49.0403,46.6268,45.395,0.0017,0.9279,1.5218,2.4135,1775608702084260326
ecgclass,no_sharing,292.1643,99.3924,96.9936,56.2013,0.0015,40.4314,1.549,2.3988,1775608702440335734
ecgclass,no_sharing,292.4103,55.259,52.8195,51.0649,0.0021,1.4133,1.528,2.4395,1775608702686351572
ecgclass,no_sharing,292.6483,56.3815,53.8992,41.4541,0.0015,12.1802,1.6246,2.4822,1775608702924451027
ecgclass,no_sharing,293.032,116.298,114.1784,47.4333,0.0015,66.4708,1.3881,2.1195,1775608703307897858
ecgclass,no_sharing,293.202,53.2286,51.3392,36.8529,0.0014,14.2206,1.1311,1.8894,1775608703477639460
ecgclass,no_sharing,293.4662,87.6338,85.343,70.593,0.0027,14.2111,1.431,2.2908,1775608703742140403
ecgclass,no_sharing,293.565,84.8536,82.4813,80.6247,0.0074,1.3264,1.3874,2.3723,1775608703840874842
ecgclass,no_sharing,293.7159,66.0074,63.4424,61.6483,0.0032,1.2363,1.497,2.565,1775608703991883340
ecgclass,no_sharing,293.911,58.4147,55.7878,54.6764,0.0019,0.7007,1.7455,2.6269,1775608704187256113
ecgclass,no_sharing,294.0107,56.9143,54.4522,52.1752,0.0021,1.932,1.5819,2.4621,1775608704286719462
ecgclass,no_sharing,294.3559,93.895,91.4673,85.5498,0.0031,5.2553,1.6558,2.4276,1775608704632044185
ecgclass,no_sharing,294.8326,51.9185,49.5685,48.3485,0.0019,0.8459,1.523,2.35,1775608705108575854
ecgclass,no_sharing,294.8702,64.7273,49.8631,45.9029,0.0018,2.9341,14.1389,14.8642,1775608705158796328
ecgclass,no_sharing,295.237,84.353,81.9799,80.2771,0.0029,1.1878,1.4043,2.373,1775608705512914341
ecgclass,no_sharing,295.2516,178.4093,107.8227,56.7553,0.0016,25.3464,69.6278,70.5866,1775608705595739424
ecgclass,no_sharing,295.2978,132.2329,107.8227,56.7553,0.0016,25.3464,23.4323,24.4102,1775608705595739424
ecgclass,no_sharing,295.4673,69.8137,67.6386,46.17,0.0017,21.1596,1.343,2.1751,1775608705743075942
ecgclass,no_sharing,295.853,83.2281,80.807,51.1873,0.0019,29.2904,1.5488,2.4211,1775608706129023752
ecgclass,no_sharing,296.5838,63.6601,61.1961,45.5269,0.0018,15.3532,1.7259,2.4641,1775608706860014066
ecgclass,no_sharing,296.7928,113.6093,111.5027,87.7697,0.0032,23.1462,1.3855,2.1066,1775608707068632116
ecgclass,no_sharing,296.8043,207.2561,104.3145,90.6963,0.0031,13.0197,102.1466,102.9416,1775608707180930069
ecgclass,no_sharing,297.1091,62.4518,60.3451,44.2887,0.0018,15.7441,1.3244,2.1068,1775608707384910960
ecgclass,no_sharing,297.1556,77.6861,61.1013,44.659,0.0016,16.0902,15.8405,16.5848,1775608707445915342
ecgclass,no_sharing,297.2058,90.9369,62.7555,55.2961,0.0018,3.1821,27.4119,28.1814,1775608707507704156
ecgclass,no_sharing,297.2253,71.6305,62.7555,55.2961,0.0018,3.1821,7.9267,8.875,1775608707507704156
ecgclass,no_sharing,297.3575,60.4084,58.4756,49.4382,0.0019,8.6788,1.1823,1.9327,1775608707633212130
ecgclass,no_sharing,297.4382,53.1852,51.3238,50.1979,0.0019,0.75,1.1623,1.8615,1775608707713813463
ecgclass,no_sharing,297.8477,98.7966,96.71,78.8642,0.0031,17.2522,1.3685,2.0866,1775608708123519433
ecgclass,no_sharing,298.1002,47.5974,45.5317,44.5465,0.0017,0.6533,1.2953,2.0657,1775608708375949939
ecgclass,no_sharing,298.1885,61.9411,59.5842,44.2222,0.0017,15.055,1.2968,2.3569,1775608708464235337
ecgclass,no_sharing,298.2606,50.54,48.0109,44.8633,0.0018,2.8254,1.7002,2.529,1775608708536791138
ecgclass,no_sharing,298.4038,47.4269,45.4208,44.4559,0.0017,0.644,1.2548,2.0062,1775608708679490190
ecgclass,no_sharing,298.4614,48.4803,46.0348,45.0194,0.0018,0.6564,1.5748,2.4455,1775608708737421104
ecgclass,no_sharing,298.472,95.1643,56.9186,44.0349,0.0017,12.4981,37.5714,38.2457,1775608708784102700
ecgclass,no_sharing,298.5605,55.7508,48.3057,46.6926,0.0017,1.2532,6.6383,7.4452,1775608708841596797
ecgclass,no_sharing,298.6184,82.0699,79.5474,43.4512,0.0016,35.795,1.7993,2.5225,1775608708894723595
ecgclass,no_sharing,298.8798,83.1034,80.9389,45.8432,0.0016,34.7907,1.4524,2.1645,1775608709155696402
ecgclass,no_sharing,299.0916,55.8927,53.8077,44.5419,0.0016,8.9496,1.338,2.085,1775608709367456764
ecgclass,no_sharing,299.1469,59.9265,58.031,47.1383,0.0018,10.5861,1.1997,1.8955,1775608709422582864
ecgclass,no_sharing,299.542,60.4522,57.5047,54.5686,0.0019,2.5869,1.7636,2.9476,1775608709818265928
ecgclass,no_sharing,299.7075,91.27,79.6187,77.8135,0.0032,1.2707,10.6685,11.6513,1775608709992645450
gestureclass,no_sharing,0.0003,376.6196,371.7747,308.8296,0.0043,62.2673,3.463,4.8449,1775608410278251362
gestureclass,no_sharing,0.2856,252.2471,160.1502,67.8444,0.0032,45.8999,90.9405,92.0969,1775608410651011087
gestureclass,no_sharing,0.3164,221.5943,160.1502,67.8444,0.0032,45.8999,60.1285,61.4441,1775608410651011087
gestureclass,no_sharing,0.5572,85.7885,83.1718,63.4402,0.0017,19.4026,1.6313,2.6167,1775608410833306077
gestureclass,no_sharing,0.6781,65.783,63.4109,57.2194,0.0015,5.846,1.4372,2.3722,1775608410954061427
gestureclass,no_sharing,0.9814,73.9374,71.4466,59.4909,0.0017,11.3505,1.6253,2.4908,1775608411257520423
gestureclass,no_sharing,0.9959,117.4603,57.2885,56.2854,0.0015,0.6985,59.257,60.1717,1775608411329592286
gestureclass,no_sharing,1.0745,92.4668,53.139,52.0925,0.0017,0.6991,38.4424,39.3278,1775608411387474781
gestureclass,no_sharing,1.4718,66.0002,63.5352,53.7527,0.0015,9.4401,1.5423,2.465,1775608411747867723
gestureclass,no_sharing,1.574,75.413,73.0627,61.4719,0.0018,11.2811,1.4775,2.3503,1775608411849915214
gestureclass,no_sharing,1.8435,59.1626,56.6525,55.6045,0.0016,0.7137,1.6131,2.5102,1775608412119580576
gestureclass,no_sharing,2.1365,53.1971,50.6638,49.4935,0.0014,0.8204,1.6375,2.5334,1775608412412609163
gestureclass,no_sharing,2.1382,108.0432,55.9231,44.8956,0.0012,10.7196,51.2443,52.1201,1775608412463919870
gestureclass,no_sharing,2.2765,82.8016,80.34,78.3216,0.0025,1.5373,1.5361,2.4616,1775608412552471791
gestureclass,no_sharing,2.4085,89.6614,87.0362,85.2771,0.0028,1.2317,1.6072,2.6252,1775608412684556763
gestureclass,no_sharing,2.4192,147.3827,67.7579,66.5975,0.0018,0.7379,78.6729,79.6249,1775608412772347441
gestureclass,no_sharing,2.5053,140.3005,77.9012,55.9618,0.0015,10.7854,60.9956,62.3993,1775608412840817568
gestureclass,no_sharing,2.5431,102.5577,77.9012,55.9618,0.0015,10.7854,23.2282,24.6565,1775608412840817568
gestureclass,no_sharing,2.5808,128.4475,63.3454,60.1191,0.0017,2.8647,64.194,65.1021,1775608412919466626
gestureclass,no_sharing,2.645,117.5857,52.8717,51.5176,0.0016,0.99,63.8893,64.7139,1775608412983404860
gestureclass,no_sharing,3.0494,55.7628,53.3894,52.0094,0.0018,1.0447,1.4904,2.3733,1775608413325336290
gestureclass,no_sharing,3.0511,153.1558,98.2944,53.8785,0.0014,22.0254,53.8616,54.8614,1775608413379413884
gestureclass,no_sharing,3.0938,110.4865,98.2944,53.8785,0.0014,22.0254,11.1496,12.1921,1775608413379413884
gestureclass,no_sharing,3.15,128.0046,73.1158,66.658,0.0021,6.0033,53.9985,54.8888,1775608413478493709
gestureclass,no_sharing,3.3765,63.8328,60.8181,59.6061,0.0017,0.8411,2.1069,3.0147,1775608413653114557
gestureclass,no_sharing,3.4823,62.1879,59.5594,58.078,0.0016,1.1265,1.689,2.6285,1775608413758494223
gestureclass,no_sharing,3.5218,75.6681,52.2449,46.7613,0.0014,5.1885,22.6352,23.4232,1775608413818926442
gestureclass,no_sharing,3.5572,86.7922,46.242,42.0583,0.0043,3.9134,39.9232,40.5502,1775608413871627720
gestureclass,no_sharing,3.6892,45.7337,43.6701,37.2698,0.0013,6.0495,1.3514,2.0636,1775608413964991899
gestureclass,no_sharing,4.0122,42.0253,39.6354,38.7011,0.0017,0.5842,1.6088,2.39,1775608414288306405
gestureclass,no_sharing,4.1131,60.9758,58.7554,36.9919,0.0014,21.453,1.4694,2.2204,1775608414389038830
gestureclass,no_sharing,4.2615,41.7371,39.4231,38.2249,0.0015,0.9359,1.5178,2.314,1775608414537535747
gestureclass,no_sharing,4.4713,96.4992,94.2267,43.8598,0.0014,50.0381,1.5252,2.2725,1775608414747292346
gestureclass,no_sharing,4.6247,52.0887,50.0834,43.4638,0.0015,6.3201,1.26,2.0053,1775608414900413834
gestureclass,no_sharing,4.6304,105.0658,58.3692,39.5359,0.0012,18.5614,45.9714,46.6966,1775608414950831839
gestureclass,no_sharing,4.8718,79.5355,77.5164,52.4196,0.0018,24.7627,1.2627,2.019,1775608415147497150
gestureclass,no_sharing,5.003,74.0056,72.1102,45.7245,0.0016,26.0857,1.1168,1.8954,1775608415278578429
gestureclass,no_sharing,5.0202,145.8519,88.8259,47.7459,0.0015,40.755,56.3514,57.026,1775608415351071186
gestureclass,no_sharing,5.2068,47.4191,45.547,43.479,0.0018,1.7368,1.0624,1.872,1775608415482320639
gestureclass,no_sharing,5.2392,66.5553,51.1531,41.7421,0.0016,9.1081,14.7014,15.4022,1775608415528380057
gestureclass,no_sharing,5.3367,67.9929,66.0415,41.3523,0.0018,24.3906,1.2326,1.9514,1775608415612371357
gestureclass,no_sharing,5.4156,79.5557,77.5836,43.952,0.0019,33.3088,1.1837,1.9721,1775608415691221849
gestureclass,no_sharing,5.5146,101.1639,99.1874,45.378,0.0017,53.5128,1.2186,1.9765,1775608415790332789
gestureclass,no_sharing,5.8604,50.1683,48.2173,47.2226,0.0017,0.666,1.2517,1.951,1775608416136138355
gestureclass,no_sharing,6.0034,47.0393,45.1431,44.3286,0.0016,0.5534,1.1232,1.8962,1775608416278971740
gestureclass,no_sharing,6.0973,77.5673,75.6489,39.7581,0.0013,35.6267,1.1806,1.9184,1775608416373006960
gestureclass,no_sharing,6.1301,131.881,86.4389,44.631,0.012,20.7524,44.4751,45.4421,1775608416449086185
gestureclass,no_sharing,6.1638,98.2387,86.4389,44.631,0.012,20.7524,10.8094,11.7998,1775608416449086185
gestureclass,no_sharing,6.3049,52.1033,50.0707,47.2323,0.0019,2.5125,1.2176,2.0326,1775608416580602268
gestureclass,no_sharing,6.3622,107.1298,105.2164,51.1179,0.0017,53.7734,1.1778,1.9134,1775608416637861858
gestureclass,no_sharing,6.3709,188.5586,89.6811,54.0258,0.0019,35.2953,98.0935,98.8774,1775608416743483470
gestureclass,no_sharing,6.9286,47.2481,45.0092,44.0526,0.0017,0.6557,1.1919,2.2389,1775608417204268270
gestureclass,no_sharing,6.984,73.9062,71.952,42.551,0.0015,29.1047,1.2038,1.9542,1775608417259723952
gestureclass,no_sharing,7.0781,62.6905,60.8615,49.1989,0.0018,11.3393,1.1249,1.829,1775608417353745992
gestureclass,no_sharing,7.342,49.9835,47.849,46.8526,0.0018,0.6565,1.3468,2.1345,1775608417617842862
gestureclass,no_sharing,7.5859,49.9554,47.968,44.6633,0.0018,2.969,1.2138,1.9873,1775608417861634738
gestureclass,no_sharing,7.7321,88.932,86.5165,82.9994,0.003,2.9595,1.4887,2.4155,1775608418008035104
gestureclass,no_sharing,7.9155,48.8904,46.666,45.6793,0.0016,0.6421,1.5268,2.2243,1775608418191543907
gestureclass,no_sharing,8.3921,88.6574,86.5362,43.9291,0.0015,42.2484,1.3769,2.1212,1775608418667939633
gestureclass,no_sharing,9.0715,51.764,49.4493,48.4458,0.0017,0.6224,1.5914,2.3147,1775608419347577990
gestureclass,no_sharing,9.3781,46.2139,43.8652,42.932,0.0015,0.5769,1.5919,2.3487,1775608419654157919
gestureclass,no_sharing,9.4908,45.0068,42.7926,41.9018,0.0016,0.5987,1.4472,2.2142,1775608419766700666
gestureclass,no_sharing,9.555,39.9361,37.9705,37.1321,0.0013,0.519,1.2226,1.9656,1775608419830676930
gestureclass,no_sharing,9.79,85.4783,83.2717,70.0438,0.002,12.2148,1.4315,2.2066,1775608420065939480
gestureclass,no_sharing,9.8426,109.8177,76.5043,54.0172,0.0016,22.1163,32.5603,33.3135,1775608420149638824
gestureclass,no_sharing,9.8924,118.8889,58.3051,43.6496,0.0016,14.367,59.7198,60.5838,1775608420226605876
gestureclass,no_sharing,10.0225,70.4777,68.1563,43.1998,0.0017,24.6622,1.4787,2.3214,1775608420298467483
gestureclass,no_sharing,10.105,65.2249,62.9326,46.2325,0.0016,16.4075,1.4606,2.2923,1775608420380959729
gestureclass,no_sharing,10.1673,48.0473,44.4095,43.4106,0.0017,0.6353,2.7993,3.6378,1775608420444553973
gestureclass,no_sharing,10.2322,72.0358,69.7306,42.8531,0.0017,26.5593,1.5223,2.3052,1775608420508160446
gestureclass,no_sharing,10.4467,48.2349,45.8361,44.8849,0.0017,0.6472,1.5609,2.3989,1775608420722730412
gestureclass,no_sharing,11.1731,61.2667,58.6395,54.162,0.0063,4.131,1.7102,2.6272,1775608421449289704
gestureclass,no_sharing,11.2831,48.4695,46.1106,45.0853,0.0019,0.6347,1.4863,2.3589,1775608421559077365
gestureclass,no_sharing,11.3588,54.8704,52.4768,44.2703,0.0017,7.8731,1.5273,2.3936,1775608421634798486
gestureclass,no_sharing,11.4914,44.3246,42.0002,41.1588,0.0015,0.5684,1.5345,2.3244,1775608421767391665
gestureclass,no_sharing,11.5992,47.9627,45.5879,39.7537,0.0015,5.5417,1.4796,2.3748,1775608421875136196
gestureclass,no_sharing,11.801,72.7761,70.2168,68.7046,0.0025,1.0201,1.596,2.5593,1775608422077071335
gestureclass,no_sharing,11.8067,117.2156,49.5738,48.5464,0.0018,0.6551,66.7343,67.6418,1775608422147954695
gestureclass,no_sharing,12.1259,55.3126,52.7407,48.0138,0.0019,4.4024,1.6062,2.572,1775608422402035538
gestureclass,no_sharing,12.5401,52.0113,49.6211,48.5915,0.0018,0.6525,1.5688,2.3902,1775608422816184526
gestureclass,no_sharing,13.1519,73.3073,71.0237,46.2441,0.0015,24.4823,1.4708,2.2836,1775608423427860076
gestureclass,no_sharing,13.405,83.4157,80.9211,79.0665,0.0039,1.2148,1.5497,2.4947,1775608423681080714
gestureclass,no_sharing,13.5157,59.8209,57.2942,44.6506,0.0017,12.3178,1.646,2.5267,1775608423791799298
gestureclass,no_sharing,13.8294,71.5363,69.1345,47.87,0.0015,20.8955,1.6253,2.4018,1775608424105494216
gestureclass,no_sharing,14.2238,72.6399,70.1593,68.3773,0.0039,1.1779,1.555,2.4806,1775608424499831918
gestureclass,no_sharing,14.5385,51.3318,48.7566,47.7736,0.0018,0.6658,1.6363,2.5752,1775608424814667747
gestureclass,no_sharing,14.6775,57.3518,54.9601,43.7456,0.0016,10.9104,1.4975,2.3918,1775608424953518310
gestureclass,no_sharing,14.7785,60.8819,58.0056,47.5665,0.0018,9.8867,2.0683,2.8762,1775608425055098786
gestureclass,no_sharing,14.7794,105.3421,44.6328,43.6282,0.0016,0.6577,59.8593,60.7093,1775608425113760457
gestureclass,no_sharing,14.8666,63.5495,44.7434,43.7507,0.0016,0.6469,17.8919,18.8062,1775608425158967351
gestureclass,no_sharing,15.1884,73.4477,71.0023,45.0312,0.0017,25.6597,1.5519,2.4454,1775608425464392469
gestureclass,no_sharing,15.2551,101.3174,93.7364,71.667,0.0023,10.7824,6.4845,7.581,1775608425536099845
gestureclass,no_sharing,15.2588,97.6446,93.7364,71.667,0.0023,10.7824,2.7883,3.9082,1775608425536099845
gestureclass,no_sharing,15.7745,82.0239,79.5263,46.5239,0.0016,32.6449,1.6396,2.4975,1775608426050644797
gestureclass,no_sharing,15.9234,46.3371,43.989,43.0024,0.0018,0.6722,1.4894,2.3481,1775608426199369564
gestureclass,no_sharing,16.1312,83.214,80.9478,51.8921,0.0017,28.0298,1.4193,2.2662,1775608426407128701
gestureclass,no_sharing,16.3631,52.1121,49.6914,43.4487,0.0014,5.9337,1.5252,2.4207,1775608426639088447
gestureclass,no_sharing,16.5794,53.6222,51.3328,39.0818,0.0013,11.9987,1.4257,2.2894,1775608426855353439
gestureclass,no_sharing,16.6014,84.5118,52.2696,35.0628,0.0012,16.9058,31.4727,32.2421,1775608426907324889
gestureclass,no_sharing,16.6759,49.469,38.864,38.0285,0.0013,0.5307,9.7528,10.605,1775608426960148953
gestureclass,no_sharing,16.7686,55.0222,52.6813,51.5308,0.0021,0.7698,1.4775,2.341,1775608427044537615
gestureclass,no_sharing,16.7813,98.4533,55.5061,39.9483,0.0014,15.2206,42.1257,42.9472,1775608427097895458
gestureclass,no_sharing,16.965,56.1516,53.8144,39.3144,0.0012,14.2346,1.4985,2.3373,1775608427241014559
gestureclass,no_sharing,17.027,38.9099,36.5996,35.7939,0.0014,0.566,1.4448,2.3103,1775608427302944868
gestureclass,no_sharing,17.1375,78.0289,75.6636,38.4836,0.0015,36.9203,1.5287,2.3653,1775608427413555010
gestureclass,no_sharing,17.3368,53.7903,51.5033,42.8402,0.0015,8.3722,1.5285,2.287,1775608427612850501
gestureclass,no_sharing,17.5287,85.9823,83.6527,42.3491,0.0014,40.9989,1.4839,2.3296,1775608427804670735
gestureclass,no_sharing,17.6848,51.6183,49.3386,48.3762,0.0018,0.6492,1.4548,2.2797,1775608427960744263
gestureclass,no_sharing,17.6885,113.5237,64.9014,50.624,0.0017,13.9131,47.7335,48.6224,1775608428010760685
gestureclass,no_sharing,18.0195,79.406,76.9572,53.2668,0.0018,23.2969,1.6382,2.4489,1775608428295600709
gestureclass,no_sharing,18.0752,92.9322,68.6102,46.8939,0.0018,21.3374,23.463,24.322,1775608428373158924
gestureclass,no_sharing,18.2318,90.6515,88.2709,68.5414,0.0022,19.3376,1.4803,2.3806,1775608428507754841
gestureclass,no_sharing,18.2906,109.7286,77.2111,51.4869,0.0017,25.3274,31.6799,32.5175,1775608428596733673
gestureclass,no_sharing,18.3915,68.0482,58.4859,47.0149,0.0015,11.0877,8.6896,9.5624,1775608428674638542
gestureclass,no_sharing,18.5988,58.0842,55.532,54.4599,0.0019,0.7191,1.6716,2.5522,1775608428874993571
gestureclass,no_sharing,18.6316,74.4097,48.1332,46.546,0.0017,1.206,25.1415,26.2766,1775608428931217589
gestureclass,no_sharing,18.7041,48.4455,45.702,44.7769,0.0017,0.625,1.8637,2.7434,1775608428980467014
gestureclass,no_sharing,18.7352,62.4728,44.5754,43.5895,0.0017,0.6419,17.0655,17.8974,1775608429026749713
gestureclass,no_sharing,19.2071,88.547,85.6463,72.525,0.0037,12.4817,1.8094,2.9007,1775608429483354386
gestureclass,no_sharing,19.2603,95.953,59.8274,53.7741,0.0019,5.679,35.1481,36.1256,1775608429569921499
gestureclass,no_sharing,19.9782,56.6938,54.3416,46.187,0.0016,7.7737,1.5016,2.3522,1775608430254176131
gestureclass,no_sharing,20.0721,58.2643,55.9564,42.0286,0.0016,13.5822,1.4613,2.3079,1775608430348034628
gestureclass,no_sharing,20.1115,67.3568,47.8632,39.3302,0.0013,8.1644,18.6977,19.4936,1775608430404633046
gestureclass,no_sharing,20.6062,48.2407,45.7646,44.846,0.0017,0.5915,1.632,2.4761,1775608430882347967
gestureclass,no_sharing,20.6667,43.4957,41.1283,40.2862,0.0015,0.5706,1.5051,2.3674,1775608430942675191
gestureclass,no_sharing,20.9417,44.6751,42.5845,37.4327,0.0015,4.8734,1.2844,2.0906,1775608431217449376
gestureclass,no_sharing,21.3311,51.6922,49.3252,37.4189,0.0014,11.0258,1.5426,2.3671,1775608431607159080
gestureclass,no_sharing,21.4865,59.7806,57.5706,43.7315,0.0015,13.5709,1.4114,2.21,1775608431762383012
gestureclass,no_sharing,22.4897,83.1342,80.5308,56.5431,0.0018,23.5719,1.7722,2.6033,1775608432765985655
gestureclass,no_sharing,22.5133,193.851,133.6589,50.3157,0.0016,41.4798,59.3288,60.1921,1775608432847141115
gestureclass,no_sharing,22.5498,157.7027,133.6589,50.3157,0.0016,41.4798,22.8589,24.0438,1775608432847141115
gestureclass,no_sharing,22.5828,295.7685,170.4994,58.0954,0.0019,37.3276,124.4004,125.2691,1775608432981647356
gestureclass,no_sharing,22.6596,219.3375,170.4994,58.0954,0.0019,37.3276,47.5924,48.8381,1775608432981647356
gestureclass,no_sharing,22.6939,185.0126,170.4994,58.0954,0.0019,37.3276,13.2468,14.5132,1775608432981647356
gestureclass,no_sharing,22.8992,66.1628,63.8637,56.1995,0.0017,7.298,1.4443,2.2991,1775608433175079838
gestureclass,no_sharing,22.9895,61.1534,58.697,50.8083,0.0018,7.545,1.5392,2.4564,1775608433265537143
gestureclass,no_sharing,23.1291,66.1697,63.6375,43.9702,0.0017,19.2928,1.6568,2.5322,1775608433405228828
gestureclass,no_sharing,23.2777,49.4013,47.0642,46.0734,0.0018,0.6748,1.5111,2.3371,1775608433553669444
gestureclass,no_sharing,23.3134,59.3781,44.9831,43.9559,0.0017,0.6633,13.5047,14.395,1775608433601406608
gestureclass,no_sharing,23.6811,62.0692,59.4467,53.829,0.002,4.683,1.6804,2.6224,1775608433957294886
gestureclass,no_sharing,23.8496,70.6332,68.2496,44.0628,0.0016,23.8727,1.513,2.3836,1775608434125608128
gestureclass,no_sharing,24.0508,53.7393,51.3942,44.2225,0.0018,6.8308,1.4803,2.3451,1775608434326812552
gestureclass,no_sharing,24.0556,97.8587,48.2805,47.288,0.0017,0.6363,48.7635,49.5781,1775608434378800865
gestureclass,no_sharing,24.3655,48.5275,46.0862,45.0875,0.0015,0.6472,1.5438,2.4413,1775608434641500543
gestureclass,no_sharing,24.3762,84.6751,46.1628,45.1402,0.0017,0.6473,37.6189,38.5122,1775608434688315626
gestureclass,no_sharing,24.6508,44.899,42.5673,41.6178,0.0015,0.6486,1.4393,2.3316,1775608434926771886
gestureclass,no_sharing,24.8913,61.3668,58.6414,53.9853,0.0017,4.2527,1.8604,2.7254,1775608435167618456
gestureclass,no_sharing,24.9684,50.1595,47.6411,42.6974,0.0014,4.6684,1.61,2.5184,1775608435244528760
gestureclass,no_sharing,24.9862,80.8523,47.8939,37.6226,0.0014,9.9543,32.1472,32.9584,1775608435292811298
gestureclass,no_sharing,25.0218,86.8931,41.0072,38.4001,0.0012,2.2942,45.0666,45.8859,1775608435341337365
gestureclass,no_sharing,25.3501,51.6851,49.2087,41.532,0.0014,7.3665,1.5421,2.4764,1775608435626120492
gestureclass,no_sharing,25.7095,73.1788,70.5001,68.6065,0.0034,1.3244,1.6718,2.6787,1775608435985669277
gestureclass,no_sharing,26.6441,72.9814,70.6136,39.4091,0.0015,30.8711,1.4532,2.3678,1775608436919986802
gestureclass,no_sharing,26.7957,59.7548,57.558,50.2896,0.0015,6.9292,1.4961,2.1968,1775608437071657500
gestureclass,no_sharing,26.8105,92.0818,46.6887,45.8279,0.0014,0.5445,44.6653,45.3931,1775608437129600982
gestureclass,no_sharing,26.9594,56.4909,54.2305,43.615,0.0013,10.3069,1.492,2.2604,1775608437235375166
gestureclass,no_sharing,27.0018,85.31,70.8294,41.831,0.0012,28.7372,13.7682,14.4806,1775608437290030283
gestureclass,no_sharing,27.1325,72.6783,70.5944,41.6216,0.0014,28.7312,1.2968,2.0839,1775608437408257706
gestureclass,no_sharing,27.2824,59.3882,57.4824,47.8384,0.0015,9.3547,1.1268,1.9057,1775608437558048870
gestureclass,no_sharing,27.6681,61.6467,59.7099,54.3083,0.0016,5.0768,1.1508,1.9368,1775608437943747863
gestureclass,no_sharing,27.7058,83.3802,58.9462,56.2214,0.0017,2.3781,23.6328,24.434,1775608438003866238
gestureclass,no_sharing,27.9471,63.9851,61.4458,60.3184,0.0017,0.7361,1.7049,2.5393,1775608438223246334
gestureclass,no_sharing,27.9618,106.0357,56.2004,55.1425,0.0016,0.339,48.907,49.8354,1775608438285184899
gestureclass,no_sharing,27.9735,94.317,56.2004,55.1425,0.0016,0.339,37.1666,38.1166,1775608438285184899
gestureclass,no_sharing,28.0563,84.6865,72.7342,51.3666,0.0016,21.0109,11.1988,11.9524,1775608438341935399
gestureclass,no_sharing,28.2945,67.0025,64.9359,63.0395,0.0018,1.5248,1.338,2.0666,1775608438570306868
gestureclass,no_sharing,28.3222,115.653,75.6505,62.4501,0.0068,12.7537,39.1269,40.0025,1775608438635832097
gestureclass,no_sharing,28.4733,61.667,59.621,58.4332,0.0019,0.8119,1.2538,2.046,1775608438749028947
gestureclass,no_sharing,28.497,90.9908,52.5095,51.3965,0.0017,0.7413,37.6799,38.4813,1775608438809142982
gestureclass,no_sharing,28.6476,67.5688,65.5997,48.8912,0.0016,16.3887,1.1985,1.9691,1775608438923320142
gestureclass,no_sharing,28.7491,81.9712,80.0944,58.9051,0.0016,20.8688,1.1053,1.8767,1775608439024641290
gestureclass,no_sharing,28.872,88.8617,86.992,55.6366,0.0016,30.5062,1.1346,1.8697,1775608439147579996
gestureclass,no_sharing,28.9437,104.6329,87.0226,56.9352,0.0016,29.7372,16.8169,17.6102,1775608439234957756
gestureclass,no_sharing,29.3206,58.2569,56.1533,55.1345,0.0016,0.7005,1.2696,2.1036,1775608439596352051
gestureclass,no_sharing,29.4275,60.1192,58.0954,52.1372,0.0016,5.651,1.2684,2.0237,1775608439703245943
gestureclass,no_sharing,29.7492,85.5176,82.9203,52.1796,0.0015,30.4227,1.828,2.5974,1775608440025515197
gestureclass,no_sharing,29.7693,120.6691,54.8315,53.7889,0.0016,0.6995,65.0995,65.8376,1775608440108857709
gestureclass,no_sharing,29.8619,81.8887,53.3785,52.327,0.0016,0.7009,27.7224,28.5101,1775608440164123358
gestureclass,no_sharing,29.9131,85.151,54.095,52.0259,0.0017,1.7124,30.2701,31.056,1775608440217894033
gestureclass,no_sharing,30.1985,57.7183,55.2982,54.1815,0.0018,0.7342,1.5986,2.4201,1775608440474605173
gestureclass,no_sharing,30.4044,63.7643,61.6767,57.8398,0.0017,3.476,1.2803,2.0877,1775608440680161361
gestureclass,no_sharing,30.5888,61.3124,58.8331,54.2172,0.0015,4.3197,1.7564,2.4793,1775608440865010735
gestureclass,no_sharing,30.8351,96.1418,93.6646,91.7174,0.0033,1.2941,1.5016,2.4773,1775608441111129467
gestureclass,no_sharing,30.9162,77.0342,61.4342,57.518,0.0018,3.5455,14.7994,15.6,1775608441205522763
gestureclass,no_sharing,31.0187,54.8754,52.6678,49.0272,0.0015,3.2719,1.5044,2.2076,1775608441294733343
gestureclass,no_sharing,31.1117,58.5606,56.6946,49.0161,0.0016,7.3805,1.0622,1.866,1775608441387265311
gestureclass,no_sharing,31.4926,72.6407,70.5308,68.0444,0.0023,2.0629,1.3182,2.1099,1775608441768415386
gestureclass,no_sharing,31.8148,62.9077,60.5758,53.2797,0.0017,6.921,1.5402,2.3319,1775608442090813138
gestureclass,no_sharing,32.3106,100.8184,98.2217,96.195,0.0032,1.3872,1.5421,2.5967,1775608442586642859
gestureclass,no_sharing,32.4347,64.6148,62.0681,60.9826,0.0018,0.7547,1.7195,2.5467,1775608442710855106
gestureclass,no_sharing,32.8075,102.4623,99.8197,97.8934,0.0032,1.33,1.6489,2.6426,1775608443083659567
gestureclass,no_sharing,32.8882,151.5186,128.8579,69.5754,0.0016,19.5982,21.5721,22.6607,1775608443184266678
gestureclass,no_sharing,32.8972,142.5049,128.8579,69.5754,0.0016,19.5982,12.5349,13.647,1775608443184266678
gestureclass,no_sharing,32.9049,134.8672,128.8579,69.5754,0.0016,19.5982,4.8828,6.0093,1775608443184266678
gestureclass,no_sharing,32.9659,231.5156,156.9588,53.9061,0.0015,34.2396,73.5128,74.5569,1775608443313869940
gestureclass,no_sharing,32.9813,216.0833,156.9588,53.9061,0.0015,34.2396,58.0585,59.1245,1775608443313869940
gestureclass,no_sharing,33.0161,181.2825,156.9588,53.9061,0.0015,34.2396,23.2456,24.3237,1775608443313869940
gestureclass,no_sharing,33.1122,178.7267,92.4386,56.4347,0.0015,11.8839,84.8901,86.288,1775608443471544065
gestureclass,no_sharing,33.1762,114.7094,92.4386,56.4347,0.0015,11.8839,20.8497,22.2707,1775608443471544065
gestureclass,no_sharing,33.1809,109.987,92.4386,56.4347,0.0015,11.8839,16.1128,17.5484,1775608443471544065
gestureclass,no_sharing,33.2245,137.3482,70.6371,50.8018,0.0016,19.2878,65.9196,66.711,1775608443564911773
gestureclass,no_sharing,33.3959,54.6854,52.5878,51.6223,0.0015,0.6713,1.4117,2.0975,1775608443671813336
gestureclass,no_sharing,33.4938,60.1411,58.0302,51.5673,0.0015,6.1518,1.2975,2.1109,1775608443769598989
gestureclass,no_sharing,33.6022,59.7405,57.8023,54.3587,0.0016,3.1293,1.1475,1.9382,1775608443877785871
gestureclass,no_sharing,33.7122,56.1824,54.3563,53.3345,0.0015,0.6978,1.0316,1.8261,1775608443987711352
gestureclass,no_sharing,33.7159,132.3011,78.8875,53.6475,0.0014,12.44,52.1083,53.4136,1775608444042491452
gestureclass,no_sharing,33.7486,99.6547,78.8875,53.6475,0.0014,12.44,19.4256,20.7672,1775608444042491452
gestureclass,no_sharing,33.836,64.6644,52.5361,49.4958,0.0016,2.6911,11.363,12.1282,1775608444121831555
gestureclass,no_sharing,33.8476,102.3633,48.8581,47.8231,0.0016,0.6906,52.6619,53.5052,1775608444174729853
gestureclass,no_sharing,34.0746,73.5493,71.5127,58.731,0.0017,12.4535,1.2338,2.0366,1775608444350314426
gestureclass,no_sharing,34.213,66.8154,64.7563,55.3294,0.0016,9.1009,1.2019,2.0591,1775608444488685540
gestureclass,no_sharing,34.2757,84.7039,80.2061,53.4927,0.0018,26.3706,3.6674,4.4978,1775608444553829568
gestureclass,no_sharing,34.939,102.2575,99.6069,97.57,0.0033,1.3734,1.6365,2.6506,1775608445215080333
gestureclass,no_sharing,35.5161,109.6339,106.878,104.8916,0.0032,1.362,1.7097,2.7559,1775608445792296730
gestureclass,no_sharing,35.5619,139.6718,75.1177,58.1339,0.0015,16.644,63.7882,64.5541,1775608445900133784
gestureclass,no_sharing,36.2665,65.9299,63.2563,61.7048,0.0019,1.1544,1.7426,2.6736,1775608446542713624
gestureclass,no_sharing,36.3315,61.6577,59.7026,56.3411,0.0017,3.061,1.2298,1.9551,1775608446607225609
gestureclass,no_sharing,36.3691,81.0838,56.6136,53.1911,0.0016,3.0848,23.6976,24.4702,1775608446667327885
gestureclass,no_sharing,36.9938,77.1983,74.6659,71.9149,0.0024,2.1083,1.7085,2.5324,1775608447269980231
gestureclass,no_sharing,36.9938,138.5901,60.9476,54.6781,0.0017,5.331,76.9231,77.6425,1775608447345226317
gestureclass,no_sharing,37.3702,76.4832,74.1805,55.2015,0.0016,18.6629,1.5476,2.3027,1775608447646218678
gestureclass,no_sharing,37.4243,80.4253,57.769,52.973,0.0017,4.4517,21.9898,22.6563,1775608447720794394
gestureclass,no_sharing,37.6404,52.6407,50.3889,48.6816,0.0017,1.3276,1.4744,2.2518,1775608447916356228
gestureclass,no_sharing,37.7209,66.9858,64.8856,63.8318,0.0016,0.6862,1.3161,2.1002,1775608447996673011
gestureclass,no_sharing,37.9359,66.1731,63.8895,62.793,0.0018,0.7546,1.4255,2.2836,1775608448211781405
gestureclass,no_sharing,37.9596,100.7998,58.0202,53.5197,0.0018,4.1266,42.0396,42.7796,1775608448276143210
gestureclass,no_sharing,38.1446,59.7129,57.6293,51.0173,0.0015,6.32,1.2858,2.0836,1775608448420322883
gestureclass,no_sharing,38.2682,71.337,69.2045,67.8439,0.0023,0.9591,1.251,2.1325,1775608448543905931
gestureclass,no_sharing,38.4425,78.0253,75.3202,73.8797,0.0025,1.0105,1.4961,2.7052,1775608448718438604
gestureclass,no_sharing,38.4898,93.7276,62.8346,57.2065,0.0019,5.2779,30.1547,30.893,1775608448794436403
gestureclass,no_sharing,38.5499,131.3961,97.2661,57.9797,0.0015,38.9433,33.3762,34.13,1775608448857720837
gestureclass,no_sharing,38.923,344.9271,115.2977,57.6026,0.0021,57.1675,228.7447,229.6293,1775608449426256925
gestureclass,no_sharing,39.1504,350.6801,232.0673,55.2855,0.0016,58.7813,117.6572,118.6128,1775608449542549923
gestureclass,no_sharing,39.1504,350.6961,232.0673,55.2855,0.0016,58.7813,117.6498,118.6288,1775608449542549923
gestureclass,no_sharing,39.1504,350.7152,232.0673,55.2855,0.0016,58.7813,117.6443,118.6478,1775608449542549923
gestureclass,no_sharing,39.3025,283.2565,84.1513,60.6663,0.0056,23.1006,198.3492,199.1052,1775608449775337195
gestureclass,no_sharing,39.9006,58.7897,56.5911,55.5331,0.0017,0.7064,1.4346,2.1986,1775608450176566311
gestureclass,no_sharing,40.0971,64.0564,61.9783,58.5666,0.0018,3.0633,1.2791,2.0781,1775608450372909431
gestureclass,no_sharing,40.155,63.9997,57.3926,56.3044,0.0018,0.7198,5.7871,6.607,1775608450435313923
gestureclass,no_sharing,40.1926,93.1017,66.0798,64.6326,0.0025,1.0126,26.1397,27.022,1775608450493211259
gestureclass,no_sharing,41.351,95.3047,92.7913,90.8589,0.0036,1.2892,1.5814,2.5135,1775608451627025773
gestureclass,no_sharing,41.5766,62.6898,60.2405,56.745,0.0016,3.0967,1.6873,2.4492,1775608451852724969
gestureclass,no_sharing,41.6482,89.7791,87.5898,50.9526,0.0017,36.264,1.3626,2.1894,1775608451924029662
gestureclass,no_sharing,41.8557,88.4719,86.3361,53.47,0.0016,32.5146,1.3256,2.1358,1775608452131540965
gestureclass,no_sharing,42.045,55.7029,53.6987,51.3097,0.0018,2.0505,1.2565,2.0042,1775608452320778428
gestureclass,no_sharing,42.2559,104.6815,102.0546,100.0679,0.0033,1.3501,1.5967,2.6269,1775608452531953649
gestureclass,no_sharing,42.7797,68.4805,65.7919,61.2007,0.0017,4.2121,1.7481,2.6886,1775608453055881187
gestureclass,no_sharing,42.8472,100.0831,98.1783,59.7887,0.0017,38.075,1.1418,1.9048,1775608453122874122
gestureclass,no_sharing,42.9357,92.6683,80.5256,60.1802,0.0017,20.0308,11.3876,12.1427,1775608453221554221
gestureclass,no_sharing,43.1087,60.4589,58.2799,51.3656,0.0014,6.5668,1.5268,2.179,1775608453384676136
gestureclass,no_sharing,43.3212,52.7573,50.8982,49.9298,0.0016,0.6699,1.1234,1.8591,1775608453596832165
gestureclass,no_sharing,43.4897,63.2489,61.4099,49.5641,0.0015,11.5255,1.1239,1.8389,1775608453765356652
gestureclass,no_sharing,43.5298,180.434,156.6168,57.5402,0.0014,49.3665,22.9192,23.8172,1775608453827198449
gestureclass,no_sharing,43.5405,169.7676,156.6168,57.5402,0.0014,49.3665,12.2306,13.1508,1775608453827198449
gestureclass,no_sharing,43.8244,54.9664,53.0804,52.0268,0.0018,0.7216,1.1387,1.8861,1775608454099991061
gestureclass,no_sharing,43.9542,62.4776,60.4642,57.954,0.0019,2.1623,1.2257,2.0134,1775608454229909800
gestureclass,no_sharing,44.6812,64.465,61.8583,59.8983,0.0034,1.3365,1.6775,2.6068,1775608454957375528
gestureclass,no_sharing,45.2319,98.8503,96.3419,94.1603,0.0033,1.6105,1.5206,2.5083,1775608455507881306
gestureclass,no_sharing,45.5902,55.2137,52.9938,51.9491,0.0017,0.7195,1.5271,2.2199,1775608455866160107
gestureclass,no_sharing,45.9193,55.4934,53.3597,52.2626,0.0017,0.708,1.3278,2.1337,1775608456195149999
gestureclass,no_sharing,46.0,69.3228,67.3037,52.6163,0.0017,14.3229,1.3394,2.0192,1775608456275871661
gestureclass,no_sharing,46.1321,72.4363,70.2789,53.9042,0.0013,16.041,1.4448,2.1575,1775608456408016303
gestureclass,no_sharing,46.4608,88.5682,86.3357,77.9573,0.0026,7.9284,1.3325,2.2325,1775608456736655180
gestureclass,no_sharing,46.698,78.0363,75.6677,72.3384,0.0035,1.684,1.4021,2.3686,1775608456973856604
gestureclass,no_sharing,46.8534,61.502,58.8624,55.7061,0.0017,2.7762,1.8606,2.6396,1775608457129715701
gestureclass,no_sharing,46.9222,57.9691,55.7289,52.3216,0.0016,3.0262,1.5318,2.2401,1775608457198239568
gestureclass,no_sharing,46.9884,55.4597,53.2726,52.2125,0.0016,0.7021,1.4045,2.1871,1775608457264292176
gestureclass,no_sharing,47.1275,56.7243,54.3672,53.2862,0.0017,0.6959,1.5945,2.3571,1775608457403569078
gestureclass,no_sharing,47.3543,72.2716,70.1556,64.3926,0.0019,5.3921,1.3227,2.116,1775608457630063187
gestureclass,no_sharing,47.4367,57.3237,55.3638,54.3354,0.0017,0.7061,1.1842,1.9599,1775608457712404997
gestureclass,no_sharing,48.1636,65.7954,63.4032,56.6873,0.0018,6.3596,1.6031,2.3922,1775608458439661237
gestureclass,no_sharing,48.302,60.1091,57.7575,55.7722,0.0018,1.5964,1.5445,2.3516,1775608458578074794
gestureclass,no_sharing,48.3248,98.4175,60.5688,55.5499,0.0016,4.6779,37.0383,37.8487,1775608458636297055
gestureclass,no_sharing,48.5121,67.5912,65.4868,52.4047,0.0017,12.7476,1.3943,2.1043,1775608458787944637
gestureclass,no_sharing,48.5354,140.5506,95.6406,57.6408,0.0016,18.8296,44.0075,44.9101,1775608458853854832
gestureclass,no_sharing,48.5677,108.217,95.6406,57.6408,0.0016,18.8296,11.6518,12.5764,1775608458853854832
gestureclass,no_sharing,48.6662,100.178,90.2911,50.9185,0.0015,39.0459,9.2661,9.8869,1775608458949982741
gestureclass,no_sharing,48.7564,115.4945,105.1046,56.2901,0.0016,48.5076,9.8219,10.3899,1775608459040721629
gestureclass,no_sharing,48.8068,152.8678,87.1409,57.4395,0.0015,14.6978,65.0828,65.7269,1775608459146330926
gestureclass,no_sharing,48.8172,142.4129,87.1409,57.4395,0.0015,14.6978,54.6081,55.272,1775608459146330926
gestureclass,no_sharing,49.5636,65.9351,63.894,62.7934,0.0019,0.76,1.3816,2.0411,1775608459839441770
gestureclass,no_sharing,49.7624,110.0297,107.1752,104.4575,0.0031,2.1155,1.7188,2.8545,1775608460038586215
gestureclass,no_sharing,50.4842,88.6045,86.2817,60.5796,0.002,25.3227,1.5767,2.3228,1775608460760290973
gestureclass,no_sharing,50.6318,57.7188,55.3405,51.9945,0.0102,3.0326,1.5872,2.3782,1775608460907898407
gestureclass,no_sharing,50.7548,104.0015,101.8726,67.408,0.0018,34.0681,1.5516,2.129,1775608461030858932
gestureclass,no_sharing,50.7804,233.2242,154.2498,54.208,0.0016,49.829,78.2232,78.9743,1775608461133114827
gestureclass,no_sharing,50.8428,170.8553,154.2498,54.208,0.0016,49.829,15.8343,16.6055,1775608461133114827
gestureclass,no_sharing,50.9489,150.3041,85.0903,55.8845,0.0016,28.8964,64.5623,65.2138,1775608461287933103
gestureclass,no_sharing,51.1073,60.703,58.9992,50.1229,0.0015,8.5102,1.0395,1.7039,1775608461382808956
gestureclass,no_sharing,51.395,59.2759,57.7364,51.1978,0.0017,6.2416,0.942,1.5395,1775608461670404329
gestureclass,no_sharing,51.466,85.6602,84.1893,50.9931,0.0016,32.8971,0.7942,1.4709,1775608461741277472
gestureclass,no_sharing,51.5961,61.7576,60.1363,54.6248,0.0018,5.2003,0.885,1.6212,1775608461871507150
gestureclass,no_sharing,52.3087,80.3938,78.4718,52.9033,0.0017,25.1929,1.2619,1.922,1775608462584418124
gestureclass,no_sharing,52.3652,129.4386,105.3117,55.6147,0.0016,49.3644,23.5498,24.1269,1775608462663270861
gestureclass,no_sharing,52.4546,192.5805,151.9735,53.6744,0.0015,48.9731,39.8936,40.6069,1775608462768972794
gestureclass,no_sharing,52.4586,188.6165,151.9735,53.6744,0.0015,48.9731,35.9161,36.643,1775608462768972794
gestureclass,no_sharing,52.9679,43.5805,42.0834,41.2339,0.0015,0.5837,0.9546,1.4971,1775608463243289747
gestureclass,no_sharing,53.3296,90.3475,87.7602,53.7361,0.0015,33.6672,1.7793,2.5873,1775608463605894452
gestureclass,no_sharing,53.4608,85.9041,83.5357,51.835,0.0018,30.8455,1.5025,2.3684,1775608463736785258
gestureclass,no_sharing,53.5151,95.2032,63.387,45.06,0.0012,18.0873,31.1482,31.8162,1775608463820752675
gestureclass,no_sharing,53.5533,152.7169,95.0857,46.3274,0.0013,24.238,56.8089,57.6311,1775608463884542425
gestureclass,no_sharing,53.5999,106.051,95.0857,46.3274,0.0013,24.238,10.1235,10.9652,1775608463884542425
gestureclass,no_sharing,53.9568,78.8801,77.1078,47.916,0.0013,28.9073,1.1907,1.7722,1775608464232449433
gestureclass,no_sharing,54.07,98.0959,96.4673,53.4979,0.0015,42.6867,1.0111,1.6286,1775608464345491795
gestureclass,no_sharing,54.1712,96.1616,94.4583,51.9115,0.0014,42.2675,1.0476,1.7033,1775608464446751019
gestureclass,no_sharing,54.1828,232.6078,147.3852,64.988,0.0015,41.0117,84.4138,85.2227,1775608464541669646
gestureclass,no_sharing,54.2359,179.4436,147.3852,64.988,0.0015,41.0117,31.2381,32.0584,1775608464541669646
gestureclass,no_sharing,54.3816,117.8622,83.8559,53.8356,0.0018,29.647,33.4947,34.0064,1775608464689557168
gestureclass,no_sharing,54.6033,82.6793,80.602,61.907,0.0018,18.3114,1.3778,2.0773,1775608464879142344
gestureclass,no_sharing,55.1522,60.2632,58.5367,53.4254,0.0017,4.7847,1.0431,1.7265,1775608465427772888
gestureclass,no_sharing,55.2676,111.4366,108.6029,105.2653,0.0033,2.6686,1.7395,2.8337,1775608465543820898
gestureclass,no_sharing,55.3004,143.1484,63.9527,62.8209,0.0018,0.7433,78.3784,79.1957,1775608465653229928
gestureclass,no_sharing,55.5004,67.8968,65.3693,61.1763,0.0019,3.8078,1.7951,2.5276,1775608465776705943
gestureclass,no_sharing,55.8834,79.7012,77.2293,75.7139,0.0024,1.0468,1.6634,2.4719,1775608466159588626
gestureclass,no_sharing,55.9214,99.8259,57.6439,56.5774,0.0018,0.6896,41.5471,42.1819,1775608466237417037
gestureclass,no_sharing,56.3064,57.4226,54.4777,53.4336,0.0016,0.7062,2.1732,2.9449,1775608466583012567
gestureclass,no_sharing,56.3064,111.2456,53.3939,52.0911,0.0017,0.9674,57.1151,57.8517,1775608466637977904
gestureclass,no_sharing,56.5303,69.3324,67.2039,52.1369,0.0016,14.689,1.3671,2.1284,1775608466806155301
gestureclass,no_sharing,56.7796,91.2213,88.8141,87.0652,0.003,1.2029,1.5333,2.4072,1775608467055634899
gestureclass,no_sharing,56.8235,113.7092,65.5819,64.4119,0.0018,0.8323,47.2872,48.1273,1775608467145298775
gestureclass,no_sharing,57.276,103.0438,100.4718,97.4161,0.0033,2.4294,1.6189,2.572,1775608467552114049
gestureclass,no_sharing,57.9508,83.1201,80.9601,52.0449,0.0017,28.6003,1.5142,2.16,1775608468226764220
gestureclass,no_sharing,58.1876,71.0812,68.9611,47.4119,0.0016,21.2525,1.1477,2.1201,1775608468463223757
gestureclass,no_sharing,58.6418,61.3487,59.0475,48.2053,0.002,10.5072,1.5218,2.3011,1775608468917770872
gestureclass,no_sharing,59.8894,56.0286,53.5583,52.0572,0.0015,1.1474,1.6966,2.4703,1775608470165607410
gestureclass,no_sharing,59.8952,108.1307,57.3613,45.5437,0.0015,11.5114,49.9897,50.7694,1775608470219632979
gestureclass,no_sharing,60.1715,57.5678,55.2491,54.2172,0.0016,0.6663,1.5302,2.3187,1775608470447499835
gestureclass,no_sharing,60.2393,54.5449,51.5244,48.0173,0.0015,3.1801,2.1966,3.0205,1775608470515940641
gestureclass,no_sharing,60.6185,47.9484,45.715,44.8491,0.0014,0.5807,1.4799,2.2334,1775608470894415076
gestureclass,no_sharing,60.6501,70.9352,54.2593,41.9947,0.0012,11.9787,15.9543,16.676,1775608470940543920
gestureclass,no_sharing,60.7315,67.3897,65.3952,63.9905,0.0023,0.9964,1.1148,1.9945,1775608471007145988
gestureclass,no_sharing,61.0733,89.9091,87.4596,83.3493,0.0025,3.6348,1.4973,2.4495,1775608471349290370
gestureclass,no_sharing,61.0931,143.6617,72.9285,63.4142,0.0016,9.1907,69.9222,70.7333,1775608471437494052
gestureclass,no_sharing,61.4857,61.1629,58.9208,50.9446,0.0016,7.6413,1.4915,2.2421,1775608471761626170
gestureclass,no_sharing,62.1586,57.7219,55.3752,54.3252,0.0018,0.6698,1.5867,2.3466,1775608472434716156
gestureclass,no_sharing,62.3387,60.1907,57.71,56.731,0.0015,0.6419,1.6315,2.4807,1775608472614772695
gestureclass,no_sharing,62.8144,108.8822,106.2459,104.2329,0.0033,1.3706,1.6716,2.6363,1775608473090572102
gestureclass,no_sharing,62.8302,154.8195,60.9347,57.7868,0.0017,2.6717,93.0724,93.8848,1775608473197709167
gestureclass,no_sharing,62.9716,68.718,54.7257,52.1677,0.0017,2.1825,12.9178,13.9923,1775608473259041496
gestureclass,no_sharing,63.1069,73.0212,70.318,60.1154,0.0031,9.5442,1.9455,2.7032,1775608473383295082
gestureclass,no_sharing,63.4257,86.8626,84.8861,67.418,0.002,17.0787,1.1806,1.9765,1775608473701327554
gestureclass,no_sharing,63.9405,110.2726,107.4888,103.9758,0.0039,1.4589,1.7064,2.7839,1775608474216645190
gestureclass,no_sharing,64.0737,75.2687,72.6922,61.6624,0.0018,10.6295,1.7948,2.5765,1775608474349931965
gestureclass,no_sharing,64.29,109.1669,106.3835,104.4021,0.0034,1.3374,1.7858,2.7834,1775608474566318221
gestureclass,no_sharing,64.3495,110.1401,59.6352,58.592,0.0017,0.7178,49.6709,50.5048,1775608474673667672
gestureclass,no_sharing,64.5199,59.8311,57.594,56.4975,0.0018,0.7124,1.4365,2.2371,1775608474795792752
gestureclass,no_sharing,64.6489,63.035,60.7874,57.9449,0.0017,2.5056,1.5402,2.2476,1775608474924972428
gestureclass,no_sharing,65.3478,102.0908,99.4083,97.3625,0.0033,1.4103,1.6081,2.6825,1775608475623877712
gestureclass,no_sharing,66.0626,59.0656,56.5691,55.471,0.0018,0.709,1.6866,2.4965,1775608476338800412
gestureclass,no_sharing,66.1279,60.2837,58.2638,51.9884,0.0016,5.9664,1.1914,2.0199,1775608476403595725
gestureclass,no_sharing,66.2167,85.8526,83.4374,81.4024,0.0034,1.3757,1.353,2.4153,1775608476492569716
gestureclass,no_sharing,66.2414,211.6127,149.5365,102.7217,0.0033,23.0672,61.0893,62.0762,1775608476577008683
gestureclass,no_sharing,66.2962,157.0337,149.5365,102.7217,0.0033,23.0672,6.3648,7.4972,1775608476577008683
gestureclass,no_sharing,66.6279,109.0283,106.2111,104.0689,0.0034,1.4692,1.7221,2.8172,1775608476904089500
gestureclass,no_sharing,66.6544,188.1294,104.7173,102.4586,0.0032,1.5465,82.3882,83.4122,1775608477011242378
gestureclass,no_sharing,66.7918,150.2104,98.7663,66.5786,0.0016,15.9001,50.4804,51.444,1775608477116794243
gestureclass,no_sharing,66.7936,148.4761,98.7663,66.5786,0.0016,15.9001,48.7237,49.7098,1775608477116794243
gestureclass,no_sharing,67.0283,63.0884,60.61,59.4831,0.0018,0.7331,1.637,2.4784,1775608477304426011
gestureclass,no_sharing,67.2991,80.3416,77.9586,76.4962,0.0025,1.018,1.4088,2.383,1775608477575036679
gestureclass,no_sharing,67.3099,129.0219,58.9093,57.7843,0.0018,0.7496,69.3152,70.1126,1775608477653669291
gestureclass,no_sharing,67.4174,92.1853,70.2722,51.6504,0.0016,18.2776,21.1117,21.913,1775608477713030202
gestureclass,no_sharing,67.566,78.588,76.6129,51.6657,0.0016,24.6254,1.2226,1.9751,1775608477841741298
gestureclass,no_sharing,67.7584,98.8343,96.788,60.6528,0.0017,35.7893,1.1764,2.0463,1775608478034012676
gestureclass,no_sharing,67.8371,86.8082,66.1283,64.1277,0.0017,0.796,19.6495,20.6799,1775608478131270262
gestureclass,no_sharing,67.8377,86.3016,66.1283,64.1277,0.0017,0.796,19.1197,20.1733,1775608478131270262
gestureclass,no_sharing,67.9133,65.2258,54.1497,53.0927,0.0017,0.6868,10.2785,11.0761,1775608478198016203
gestureclass,no_sharing,68.108,54.4453,52.4267,51.4305,0.0016,0.6895,1.1575,2.0186,1775608478383664777
gestureclass,no_sharing,68.1727,68.4173,65.6268,52.3441,0.0017,12.9498,1.1909,2.7905,1775608478448340804
gestureclass,no_sharing,68.2257,72.0561,56.15,55.1406,0.0018,0.6986,15.0893,15.9061,1775608478515315748
gestureclass,no_sharing,69.1364,57.8048,55.39,52.632,0.0018,2.3764,1.6029,2.4148,1775608479412514282
gestureclass,no_sharing,69.2064,75.1183,72.9306,69.6127,0.003,2.7702,1.1911,2.1877,1775608479482062243
gestureclass,no_sharing,69.4803,108.047,105.3949,102.6847,0.0034,2.0833,1.6205,2.6521,1775608479756412092
gestureclass,no_sharing,69.514,168.3578,93.4555,66.4282,0.0018,26.6254,74.1804,74.9023,1775608479862712155
gestureclass,no_sharing,69.8865,104.933,103.1163,57.3579,0.0015,45.4006,1.2178,1.8167,1775608480162188324
gestureclass,no_sharing,70.0553,53.5202,51.6566,50.578,0.0018,0.712,1.1697,1.8636,1775608480330958664
gestureclass,no_sharing,70.5105,66.9005,64.6519,63.5315,0.0018,0.7468,1.5869,2.2486,1775608480786615765
gestureclass,no_sharing,70.636,55.5105,53.7404,52.7464,0.0016,0.6889,0.9773,1.7701,1775608480911414928
gestureclass,no_sharing,70.6784,61.12,47.7377,46.8372,0.0013,0.5937,12.7509,13.3823,1775608480965589393
gestureclass,no_sharing,70.9301,80.7056,78.5613,76.9809,0.0025,1.0771,1.2538,2.1443,1775608481205876405
gestureclass,no_sharing,71.1848,58.414,56.1609,51.7777,0.0017,4.0307,1.3258,2.2531,1775608481460642473
gestureclass,no_sharing,71.7915,76.6575,74.062,51.855,0.0052,21.8039,1.6863,2.5955,1775608482067677875
gestureclass,no_sharing,71.896,52.4507,50.3303,49.4123,0.0015,0.6216,1.502,2.1203,1775608482171991093
gestureclass,no_sharing,71.9677,61.8987,60.1364,45.4171,0.0014,14.456,1.1156,1.7623,1775608482243251114
gestureclass,no_sharing,71.9857,104.2926,60.0699,50.0515,0.0013,9.7317,43.5872,44.2227,1775608482303750958
gestureclass,no_sharing,72.4873,59.8056,58.0339,56.9147,0.0017,0.7811,1.0917,1.7717,1775608482762842580
gestureclass,no_sharing,72.5088,115.9954,77.0848,44.3883,0.0017,31.7864,38.1951,38.9106,1775608482821432640
gestureclass,no_sharing,72.5606,131.8185,67.3733,46.0823,0.0015,20.9666,63.9758,64.4452,1775608482899066889
gestureclass,no_sharing,72.6577,76.2219,40.9977,40.0574,0.0015,0.6397,34.6169,35.2242,1775608482966794655
gestureclass,no_sharing,72.7881,103.3781,101.1076,61.0682,0.0025,39.5927,1.6296,2.2704,1775608483064258745
gestureclass,no_sharing,72.8138,122.7236,44.2894,43.3142,0.0017,0.6005,77.7264,78.4342,1775608483166046007
gestureclass,no_sharing,73.0298,48.8236,46.4193,45.464,0.0019,0.6442,1.5717,2.4043,1775608483305863550
gestureclass,no_sharing,73.0574,67.4241,45.6692,44.533,0.0018,0.7696,21.0216,21.7549,1775608483352949383
gestureclass,no_sharing,73.1586,58.8243,56.1271,40.9094,0.0016,14.9257,1.8158,2.6972,1775608483434869598
gestureclass,no_sharing,73.2216,46.4189,44.1177,43.1485,0.0018,0.6596,1.3881,2.3012,1775608483497472515
gestureclass,no_sharing,73.2443,73.1182,48.8703,43.0877,0.0017,5.4161,23.4885,24.248,1775608483542256200
gestureclass,no_sharing,73.2822,86.7622,50.8272,40.6165,0.0013,9.8807,35.111,35.935,1775608483591810168
gestureclass,no_sharing,73.5503,71.1567,68.9426,48.3811,0.0013,20.2908,1.3378,2.2142,1775608483826126673
gestureclass,no_sharing,74.0974,51.9302,49.4221,48.4426,0.0018,0.6206,1.6532,2.5081,1775608484373525150
gestureclass,no_sharing,74.4017,53.6113,50.9023,49.9405,0.002,0.6424,1.75,2.709,1775608484677981929
gestureclass,no_sharing,75.0259,60.6859,57.9514,45.7507,0.0017,11.8496,1.6689,2.7344,1775608485302008843
gestureclass,no_sharing,75.59,71.0144,68.5963,43.1828,0.0016,25.017,1.6496,2.4182,1775608485866162242
gestureclass,no_sharing,75.6259,110.2822,74.6041,45.6094,0.0016,28.6623,35.0142,35.6781,1775608485935424396
gestureclass,no_sharing,75.7554,104.6538,102.2404,60.4257,0.0017,41.3927,1.5938,2.4134,1775608486031443783
gestureclass,no_sharing,75.8189,118.978,77.2236,49.188,0.0014,27.7109,40.8685,41.7544,1775608486134279057
gestureclass,no_sharing,75.9325,76.5722,70.5055,66.0491,0.0017,4.0263,5.1665,6.0667,1775608486212117629
gestureclass,no_sharing,76.1598,49.3286,46.9772,45.3241,0.0019,1.3235,1.5056,2.3514,1775608486435751007
gestureclass,no_sharing,76.1675,88.0213,45.6803,44.825,0.0015,0.5398,41.425,42.341,1775608486483361594
gestureclass,no_sharing,76.3167,44.7977,42.1876,41.3112,0.0016,0.5736,1.5988,2.6101,1775608486592767674
gestureclass,no_sharing,76.5488,51.9595,49.2396,48.2498,0.0018,0.629,1.7366,2.7199,1775608486825013078
gestureclass,no_sharing,76.8678,58.5256,56.0978,39.5597,0.0015,16.2762,1.5397,2.4277,1775608487143866187
gestureclass,no_sharing,77.3198,55.2211,52.4756,51.3779,0.0019,0.6847,1.7786,2.7455,1775608487596072656
gestureclass,no_sharing,77.4152,55.1579,52.493,49.8435,0.0018,2.343,1.6897,2.6649,1775608487691414364
gestureclass,no_sharing,77.7758,48.4452,46.0226,41.7615,0.0016,3.9698,1.5156,2.4227,1775608488051764540
gestureclass,no_sharing,78.1704,64.9617,62.4988,43.6854,0.0015,18.507,1.5199,2.4629,1775608488446406640
gestureclass,no_sharing,78.7604,94.5649,91.7129,89.6963,0.0036,1.3664,1.7667,2.852,1775608489036653337
gestureclass,no_sharing,78.9149,76.6451,74.1754,72.597,0.0021,1.1419,1.5016,2.4697,1775608489190893425
gestureclass,no_sharing,79.5724,40.7636,38.4723,37.1176,0.0014,0.5408,1.4,2.2913,1775608489848324965
gestureclass,no_sharing,79.6584,97.6505,95.2673,60.6314,0.002,34.2517,1.5047,2.3832,1775608489934410692
gestureclass,no_sharing,79.778,40.4737,38.1908,37.4415,0.0012,0.505,1.4203,2.2829,1775608490053940026
gestureclass,no_sharing,79.8127,41.6944,35.252,34.4403,0.0015,0.5137,5.5404,6.4424,1775608490092753695
gestureclass,no_sharing,79.9226,39.6073,37.4232,36.659,0.0015,0.5151,1.4529,2.184,1775608490198574773
gestureclass,no_sharing,79.9938,93.3776,90.9038,57.9551,0.0016,32.5719,1.5376,2.4738,1775608490269845417
gestureclass,no_sharing,79.9965,265.115,173.6278,65.8668,0.0016,53.6515,90.4472,91.4872,1775608490361439544
gestureclass,no_sharing,80.0225,239.1198,173.6278,65.8668,0.0016,53.6515,64.4126,65.492,1775608490361439544
gestureclass,no_sharing,80.0904,278.7943,106.9891,63.9539,0.0022,42.5147,170.9549,171.8052,1775608490535835870
gestureclass,no_sharing,80.2895,166.8048,86.4717,56.5415,0.0018,29.4371,79.4485,80.3331,1775608490643419037
gestureclass,no_sharing,80.5528,50.204,47.8036,46.7142,0.0018,0.7503,1.4842,2.4005,1775608490828777395
gestureclass,no_sharing,81.0588,56.8874,54.4258,50.404,0.0017,3.0088,1.4932,2.4616,1775608491334743865
gestureclass,no_sharing,81.0785,95.32,57.4641,49.0646,0.0016,4.0186,36.8249,37.8559,1775608491389805369
gestureclass,no_sharing,81.109,65.002,57.4641,49.0646,0.0016,4.0186,6.3555,7.5379,1775608491389805369
gestureclass,no_sharing,81.4954,59.1996,56.4714,49.3845,0.002,6.6869,1.6959,2.7282,1775608491771609618
gestureclass,no_sharing,81.657,46.504,44.0147,43.0008,0.0016,0.6142,1.5688,2.4893,1775608491933077043
gestureclass,no_sharing,81.7918,51.1003,48.4871,47.5246,0.0016,0.6063,1.6649,2.6132,1775608492067944507
gestureclass,no_sharing,82.0533,68.1379,65.3932,59.615,0.0021,5.4114,1.78,2.7447,1775608492329540665
gestureclass,no_sharing,82.059,165.2815,102.2823,52.5588,0.0016,49.3725,62.0999,62.9992,1775608492395588077
gestureclass,no_sharing,82.576,54.8434,52.1708,51.0938,0.0019,0.705,1.693,2.6726,1775608492852128626
gestureclass,no_sharing,82.7537,46.1779,43.646,42.6482,0.0017,0.6252,1.539,2.5318,1775608493029757825
gestureclass,no_sharing,83.1075,49.2477,46.6677,45.7092,0.0017,0.6556,1.6434,2.58,1775608493383608081
gestureclass,no_sharing,83.2816,40.0562,37.6849,36.3428,0.0014,0.996,1.5068,2.3713,1775608493557609948
gestureclass,no_sharing,83.4895,46.582,44.2324,37.0363,0.0016,6.9214,1.4606,2.3496,1775608493765399970
gestureclass,no_sharing,83.5844,100.019,97.5618,45.9966,0.0014,51.3029,1.5697,2.4572,1775608493860462035
gestureclass,no_sharing,83.7666,59.4406,57.0181,55.7264,0.0022,0.8686,1.4863,2.4225,1775608494042577547
gestureclass,no_sharing,83.8533,53.1006,50.6909,46.9594,0.0015,3.4432,1.555,2.4097,1775608494129294492
gestureclass,no_sharing,83.858,159.2782,110.1085,49.553,0.0017,60.2516,48.3098,49.1696,1775608494180743845
gestureclass,no_sharing,84.0254,86.4716,84.3671,44.9516,0.0016,39.0947,1.2236,2.1044,1775608494301088090
gestureclass,no_sharing,84.0906,90.5976,68.5916,42.9124,0.0018,25.3013,21.0547,22.0061,1775608494386097443
gestureclass,no_sharing,84.221,108.5973,105.9694,45.0752,0.0015,60.5848,1.7173,2.6278,1775608494497227894
gestureclass,no_sharing,84.3653,79.2484,76.4563,46.036,0.0015,30.1084,1.493,2.7921,1775608494641236663
gestureclass,no_sharing,84.444,45.8629,43.3069,41.7868,0.0016,1.1869,1.6427,2.5561,1775608494720141876
gestureclass,no_sharing,84.733,61.0058,58.4448,57.0676,0.0024,0.9774,1.5607,2.5611,1775608495008995743
gestureclass,no_sharing,85.147,55.0737,52.5015,51.3675,0.0019,0.7116,1.6427,2.5722,1775608495423080563
gestureclass,no_sharing,85.1599,90.678,47.8065,46.8251,0.0017,0.6183,41.93,42.8714,1775608495476272925
gestureclass,no_sharing,85.2914,47.8327,45.3655,43.1237,0.0017,1.9428,1.5206,2.4672,1775608495567387880
gestureclass,no_sharing,85.2941,96.657,50.9103,45.3988,0.0016,5.1718,44.8015,45.7468,1775608495613380024
gestureclass,no_sharing,85.6206,46.1109,43.5686,42.5874,0.0017,0.6262,1.5824,2.5423,1775608495896689793
gestureclass,no_sharing,85.6689,45.0759,42.6536,41.729,0.0017,0.6244,1.5283,2.4223,1775608495944947110
gestureclass,no_sharing,86.3093,52.0957,49.38,48.3056,0.0019,0.669,1.7498,2.7156,1775608496585530046
gestureclass,no_sharing,86.7681,52.7241,50.1129,48.9927,0.0018,0.7216,1.6773,2.6113,1775608497044247712
gestureclass,no_sharing,86.7908,79.1039,48.2521,47.2048,0.0016,0.3199,29.767,30.8518,1775608497095062246
gestureclass,no_sharing,86.7909,79.0875,48.2521,47.2048,0.0016,0.3199,29.7289,30.8354,1775608497095062246
gestureclass,no_sharing,86.9355,47.0009,44.5392,43.6224,0.0018,0.6161,1.5483,2.4617,1775608497211485933
gestureclass,no_sharing,86.9652,60.976,43.1251,42.1598,0.0016,0.623,16.9799,17.851,1775608497256618681
gestureclass,no_sharing,87.1627,49.2985,46.7857,45.7876,0.0018,0.6751,1.5595,2.5129,1775608497438692919
gestureclass,no_sharing,87.1824,76.0169,45.92,44.9268,0.0018,0.6156,29.2017,30.0969,1775608497486056399
gestureclass,no_sharing,87.2806,46.1869,43.6957,42.6041,0.0015,0.791,1.55,2.4912,1775608497556627366
gestureclass,no_sharing,87.4124,46.4716,43.9753,42.0553,0.0017,1.6228,1.5416,2.4963,1775608497688403310
gestureclass,no_sharing,87.8414,92.7956,90.2531,46.8604,0.0016,43.0242,1.6816,2.5425,1775608498117565503
gestureclass,no_sharing,87.865,181.8581,112.0558,46.4256,0.0015,65.3018,68.9158,69.8023,1775608498208434073
gestureclass,no_sharing,88.093,60.9906,58.6783,49.0852,0.0016,9.3047,1.4682,2.3123,1775608498369000458
gestureclass,no_sharing,88.1982,69.0989,66.7944,41.5936,0.0016,24.9023,1.4865,2.3046,1775608498474213120
gestureclass,no_sharing,88.68,42.7845,40.4572,38.9013,0.0017,0.6522,1.4162,2.3272,1775608498955934045
gestureclass,no_sharing,89.0145,65.0449,62.3515,45.9501,0.0015,16.1049,1.7679,2.6934,1775608499290762302
gestureclass,no_sharing,89.1176,43.153,40.5546,39.6732,0.0014,0.5496,1.6255,2.5985,1775608499393703676
gestureclass,no_sharing,89.1403,58.3575,37.3345,36.5217,0.0014,0.5078,20.0973,21.023,1775608499434910154
gestureclass,no_sharing,89.2499,76.1142,73.5729,70.5909,0.0027,2.4687,1.5652,2.5412,1775608499525950492
gestureclass,no_sharing,89.2716,105.4275,50.4285,47.0702,0.0016,3.0272,54.1499,54.999,1775608499600228939
gestureclass,no_sharing,89.4822,61.1246,58.6985,42.2937,0.0016,16.0737,1.492,2.4261,1775608499758180911
gestureclass,no_sharing,89.5455,44.6279,42.2634,41.3267,0.0016,0.6095,1.4632,2.3645,1775608499821468619
gestureclass,no_sharing,89.7089,83.8015,81.3735,55.1839,0.002,25.7828,1.492,2.4281,1775608499984923744
gestureclass,no_sharing,89.7197,120.2059,46.4185,41.9457,0.0014,4.0868,72.8798,73.7874,1775608500067014007
gestureclass,no_sharing,89.8954,96.6768,94.1992,44.0511,0.0017,49.8483,1.636,2.4777,1775608500171541074
gestureclass,no_sharing,90.1032,58.5325,56.1381,38.381,0.0015,17.4108,1.5213,2.3943,1775608500379245756
gestureclass,no_sharing,90.3358,49.3038,46.9964,45.9345,0.0018,0.7103,1.4265,2.3074,1775608500611749986
gestureclass,no_sharing,90.5875,57.7161,55.3284,41.5109,0.0015,13.5016,1.5395,2.3878,1775608500863493815
gestureclass,no_sharing,90.7215,74.2285,71.8962,70.1959,0.0036,1.185,1.4398,2.3324,1775608500997453125
gestureclass,no_sharing,90.9959,50.6339,48.0136,46.9878,0.0017,0.6488,1.7338,2.6203,1775608501272154260
gestureclass,no_sharing,91.1113,51.9731,49.5802,48.6047,0.0018,0.6452,1.5006,2.3929,1775608501387293626
gestureclass,no_sharing,91.118,90.106,44.0664,43.0738,0.0016,0.6322,45.1527,46.0396,1775608501437665446
gestureclass,no_sharing,91.2253,63.2792,60.6324,59.1695,0.0027,1.0094,1.6077,2.6468,1775608501501435859
gestureclass,no_sharing,91.5278,51.5201,48.9305,44.9878,0.0017,3.5975,1.6377,2.5896,1775608501803925931
gestureclass,no_sharing,91.7825,53.6366,51.0602,49.0931,0.0018,1.578,1.6224,2.5764,1775608502058563872
gestureclass,no_sharing,91.7912,94.5861,48.9632,47.6194,0.0016,0.9667,44.6651,45.623,1775608502110307033
gestureclass,no_sharing,91.881,57.2984,51.9619,44.9487,0.0016,6.6808,4.4363,5.3365,1775608502159891589
gestureclass,no_sharing,92.0505,45.4369,42.9346,42.0117,0.0016,0.6222,1.5688,2.5022,1775608502326527531
gestureclass,no_sharing,92.2212,72.0196,68.9905,62.371,0.0025,6.177,1.7281,3.0291,1775608502497415015
gestureclass,no_sharing,92.3919,70.1039,67.613,48.1495,0.0016,19.1374,1.5316,2.4909,1775608502667932384
gestureclass,no_sharing,92.4156,100.7981,53.6903,41.9674,0.0016,11.3428,46.1941,47.1078,1775608502736282998
gestureclass,no_sharing,92.5983,46.4892,43.9701,43.0184,0.0017,0.6209,1.6041,2.5191,1775608502874411461
gestureclass,no_sharing,92.673,45.7211,43.3076,42.3909,0.0016,0.6189,1.493,2.4135,1775608502948987905
gestureclass,no_sharing,93.3213,46.2737,43.7116,42.7183,0.0017,0.6273,1.6589,2.5621,1775608503597397774
gestureclass,no_sharing,93.4208,47.636,45.1276,41.7344,0.0016,3.1173,1.545,2.5085,1775608503696786382
gestureclass,no_sharing,93.4422,75.0864,48.1795,37.792,0.0013,9.6189,25.8884,26.9069,1775608503742548339
gestureclass,no_sharing,93.6585,59.0029,56.4854,40.9254,0.0015,15.2208,1.6339,2.5174,1775608503934652460
gestureclass,no_sharing,93.6719,90.1234,43.9135,42.3246,0.0017,1.2135,45.3329,46.2099,1775608503991720005
gestureclass,no_sharing,93.9576,52.5868,50.09,48.9997,0.0018,0.7374,1.5297,2.4968,1775608504233608886
gestureclass,no_sharing,94.0304,58.0633,55.5689,50.3477,0.002,4.8598,1.6267,2.4944,1775608504306505663
gestureclass,no_sharing,94.0957,45.6648,43.1719,42.1942,0.0017,0.6096,1.5693,2.4929,1775608504371710387
gestureclass,no_sharing,94.2349,93.8952,91.4031,71.3976,0.0028,19.5029,1.5154,2.4921,1775608504510873795
gestureclass,no_sharing,94.2366,220.4924,127.631,52.9471,0.0015,74.3847,91.975,92.8614,1775608504603045594
gestureclass,no_sharing,94.6809,62.212,59.7578,44.2427,0.0018,15.1585,1.5521,2.4542,1775608504956885142
gestureclass,no_sharing,94.9926,70.5447,67.7859,52.4291,0.0019,14.9416,1.7869,2.7588,1775608505268897154
gestureclass,no_sharing,95.0225,148.1352,106.7777,49.4385,0.0015,28.4754,40.4415,41.3575,1775608505337451738
gestureclass,no_sharing,95.0292,141.5875,106.7777,49.4385,0.0015,28.4754,33.7281,34.8098,1775608505337451738
gestureclass,no_sharing,95.1537,62.763,45.079,44.1225,0.0017,0.6081,16.7434,17.684,1775608505444973800
gestureclass,no_sharing,95.2705,49.6612,47.1531,45.3573,0.0016,1.4621,1.6098,2.508,1775608505546571007
gestureclass,no_sharing,95.3032,79.1581,61.6183,42.4135,0.0017,18.8596,16.6521,17.5398,1775608505594337623
gestureclass,no_sharing,95.526,45.568,43.2087,42.2769,0.0017,0.609,1.4801,2.3593,1775608505801954858
gestureclass,no_sharing,95.5868,55.5263,53.1544,42.0793,0.0016,10.7811,1.5514,2.3718,1775608505862802351
gestureclass,no_sharing,95.7101,57.4949,55.018,45.1241,0.002,9.5287,1.5743,2.4769,1775608505986143921
gestureclass,no_sharing,96.1035,81.1477,78.5318,42.0193,0.0017,36.1567,1.7571,2.6158,1775608506379747890
gestureclass,no_sharing,96.2169,65.0086,62.5736,46.9376,0.0017,15.291,1.4997,2.4351,1775608506492842540
gestureclass,no_sharing,96.2445,134.8145,96.7768,47.6566,0.0014,24.4019,36.9837,38.0377,1775608506556010073
gestureclass,no_sharing,96.2722,107.1336,96.7768,47.6566,0.0014,24.4019,9.2804,10.3568,1775608506556010073
gestureclass,no_sharing,96.4426,38.7223,36.2595,35.039,0.0013,0.9718,1.524,2.4628,1775608506718563022
gestureclass,no_sharing,96.6214,81.9893,79.3683,43.3044,0.0015,35.6838,1.6816,2.621,1775608506897605180
gestureclass,no_sharing,96.644,115.6232,55.6304,45.1006,0.0014,10.2429,59.1295,59.9928,1775608506977563873
gestureclass,no_sharing,97.2478,52.4983,49.4247,48.2348,0.0015,0.8252,2.0895,3.0737,1775608507524356791
gestureclass,no_sharing,97.2968,57.6003,53.6611,40.7999,0.0015,12.5385,3.0429,3.9392,1775608507574361867
gestureclass,no_sharing,97.428,46.5057,43.8347,41.7269,0.0016,1.7586,1.7056,2.671,1775608507704223734
gestureclass,no_sharing,97.9217,54.3711,51.4441,40.3319,0.008,10.6,1.6656,2.927,1775608508197800394
gestureclass,no_sharing,98.2409,91.7368,88.4822,79.4173,0.0031,8.3846,2.3217,3.2546,1775608508517678823
gestureclass,no_sharing,98.2447,135.6065,47.0353,45.9257,0.0017,0.681,87.6789,88.5713,1775608508606852238
gestureclass,no_sharing,98.7492,91.7001,89.0379,85.2529,0.0032,3.1293,1.6689,2.6622,1775608509025328731
gestureclass,no_sharing,98.7739,160.7394,92.8983,83.9904,0.0032,4.0986,66.7386,67.8412,1775608509115153689
gestureclass,no_sharing,98.7932,141.5193,92.8983,83.9904,0.0032,4.0986,47.4956,48.621,1775608509115153689
gestureclass,no_sharing,98.9031,116.0436,83.6326,77.1872,0.0031,5.8154,31.4989,32.411,1775608509209031872
gestureclass,no_sharing,98.9883,145.1569,113.6743,75.3096,0.0015,37.9809,30.581,31.4826,1775608509293335290
gestureclass,no_sharing,99.3638,60.0114,57.5229,56.1749,0.0023,0.9171,1.5593,2.4885,1775608509639858167
gestureclass,no_sharing,100.0162,103.8384,101.3756,45.4771,0.0021,55.5295,1.6124,2.4629,1775608510292340253
gestureclass,no_sharing,100.0798,103.7273,62.7875,43.3951,0.0017,18.981,40.1661,40.9399,1775608510394447917
gestureclass,no_sharing,100.1261,112.5422,54.4473,45.816,0.0017,8.2918,57.2193,58.0948,1775608510457802609
gestureclass,no_sharing,100.819,105.0103,102.5085,75.7496,0.0034,26.152,1.5423,2.5018,1775608511095011570
gestureclass,no_sharing,100.8455,142.5056,63.3689,47.3681,0.0016,15.6195,78.3238,79.1367,1775608511198307106
gestureclass,no_sharing,101.1225,69.6402,67.0365,41.4989,0.0018,25.2445,1.7099,2.6036,1775608511398691512
gestureclass,no_sharing,101.3052,62.3264,59.9509,43.5411,0.0015,16.0648,1.4985,2.3756,1775608511581178613
gestureclass,no_sharing,101.5179,54.0628,51.6607,38.5115,0.0015,12.2318,1.5047,2.4022,1775608511793857405
gestureclass,no_sharing,101.935,52.0084,49.5306,40.8821,0.0016,8.3434,1.5528,2.4778,1775608512211081875
gestureclass,no_sharing,102.0277,44.7278,42.2709,41.4096,0.0016,0.581,1.5163,2.4569,1775608512303731916
gestureclass,no_sharing,102.1867,45.105,42.5671,41.2144,0.0016,1.0621,1.5726,2.5379,1775608512462706314
gestureclass,no_sharing,102.5428,46.3505,43.734,42.8168,0.0017,0.6246,1.6613,2.6165,1775608512818929681
gestureclass,no_sharing,102.5892,42.8894,40.5112,39.718,0.0014,0.5192,1.4503,2.3781,1775608512865090858
gestureclass,no_sharing,102.6248,66.71,58.7915,35.3053,0.0012,23.1359,7.0229,7.9185,1775608512906338592
gestureclass,no_sharing,102.6469,153.7387,108.4089,42.7178,0.0014,65.3851,44.2848,45.3298,1775608512965709474
gestureclass,no_sharing,102.8183,83.5805,81.3069,50.1359,0.0022,30.7996,1.4677,2.2736,1775608513094294230
gestureclass,no_sharing,102.8575,199.3611,153.9259,51.8391,0.0016,50.8606,44.2348,45.4352,1775608513176170465
gestureclass,no_sharing,102.8743,182.5092,153.9259,51.8391,0.0016,50.8606,27.3516,28.5833,1775608513176170465
gestureclass,no_sharing,103.1477,60.797,58.4377,39.4678,0.0015,18.6107,1.5075,2.3593,1775608513423685605
gestureclass,no_sharing,103.3577,57.6043,55.1941,42.3983,0.0016,12.4877,1.4699,2.4102,1775608513633615935
gestureclass,no_sharing,103.3774,108.8562,70.333,45.5561,0.0018,24.4155,37.5946,38.5232,1775608513689464326
gestureclass,no_sharing,103.4812,84.5184,78.6614,49.8694,0.0017,28.4507,4.6811,5.857,1775608513760389301
gestureclass,no_sharing,103.6733,46.2334,43.8672,42.9594,0.0017,0.6105,1.4517,2.3662,1775608513949278248
gestureclass,no_sharing,103.6995,64.5864,43.9091,42.9443,0.0016,0.6261,19.721,20.6773,1775608513993721754
gestureclass,no_sharing,103.9294,53.0331,50.2487,49.192,0.012,0.6673,1.7407,2.7844,1775608514205625882
gestureclass,no_sharing,103.9824,55.8937,53.3094,43.8157,0.0017,9.1923,1.6799,2.5842,1775608514258514956
gestureclass,no_sharing,104.1609,45.7866,43.366,39.5273,0.0016,3.5493,1.4791,2.4206,1775608514436828558
gestureclass,no_sharing,104.2913,58.6882,56.1841,40.4925,0.0016,15.362,1.5609,2.5041,1775608514567307934
gestureclass,no_sharing,104.7215,71.0373,68.6597,63.0722,0.0032,5.0753,1.4992,2.3776,1775608514997437572
gestureclass,no_sharing,104.9438,79.8538,76.2368,43.1126,0.0017,32.7731,2.7697,3.617,1775608515221032963
gestureclass,no_sharing,105.0673,52.8643,50.5081,36.6343,0.0015,13.5496,1.5349,2.3562,1775608515343333469
gestureclass,no_sharing,105.3746,63.6845,60.477,52.6419,0.0018,7.4894,2.3119,3.2074,1775608515651410156
gestureclass,no_sharing,105.3747,159.4343,95.0144,48.0922,0.0017,23.2673,63.457,64.4199,1775608515712591017
gestureclass,no_sharing,105.3871,147.1426,95.0144,48.0922,0.0017,23.2673,51.0161,52.1282,1775608515712591017
gestureclass,no_sharing,105.5879,55.5301,53.1155,42.8872,0.0017,9.9149,1.5414,2.4145,1775608515863945218
gestureclass,no_sharing,105.6026,123.5893,82.0857,42.0993,0.0015,39.6457,40.5724,41.5036,1775608515917668675
gestureclass,no_sharing,106.398,84.4247,81.8469,80.0208,0.0034,1.2011,1.6024,2.5778,1775608516674113847
gestureclass,no_sharing,106.7032,83.0419,80.4249,78.598,0.0031,1.1996,1.6177,2.617,1775608516979288136
gestureclass,no_sharing,106.7156,125.1204,53.6322,52.1201,0.0017,1.1487,70.5225,71.4882,1775608517060577115
gestureclass,no_sharing,106.8381,84.3482,81.2039,43.3504,0.0016,37.5043,2.2726,3.1443,1775608517114822881
gestureclass,no_sharing,107.1334,60.9086,58.4487,44.8341,0.0017,12.6628,1.5614,2.4599,1775608517409488663
gestureclass,no_sharing,107.1794,58.5372,42.9658,42.0131,0.0017,0.6196,14.6322,15.5714,1775608517468523433
gestureclass,no_sharing,107.2336,54.9331,49.9691,48.8545,0.002,0.7262,4.034,4.964,1775608517512067612
gestureclass,no_sharing,107.2761,63.7233,50.7318,49.6118,0.0021,0.7243,12.0385,12.9915,1775608517562665899
gestureclass,no_sharing,107.3591,61.2812,58.8316,50.6277,0.0019,7.8436,1.5616,2.4496,1775608517635125988
gestureclass,no_sharing,107.3668,119.9958,65.8193,44.3049,0.0016,21.153,53.2985,54.1765,1775608517694576791
gestureclass,no_sharing,107.5369,47.4701,44.9477,42.9524,0.0052,1.6762,1.4615,2.5223,1775608517812848043
gestureclass,no_sharing,107.9222,71.9149,69.3016,52.813,0.002,16.1167,1.7273,2.6133,1775608518198403793
gestureclass,no_sharing,108.0864,57.5533,54.8015,50.0532,0.0018,4.3578,1.7822,2.7518,1775608518362634201
gestureclass,no_sharing,108.7095,72.4957,69.3708,67.2565,0.0041,1.3115,2.0707,3.1249,1775608518986036300
gestureclass,no_sharing,108.7101,131.0205,58.2733,56.4505,0.002,0.6836,71.6128,72.7472,1775608519056222996
gestureclass,no_sharing,108.7738,67.337,58.2733,56.4505,0.002,0.6836,7.9057,9.0637,1775608519056222996
gestureclass,no_sharing,108.8551,56.1991,53.5503,45.6708,0.0017,7.5531,1.5547,2.6488,1775608519131117155
gestureclass,no_sharing,109.8142,89.2,86.5741,85.0224,0.0022,1.1319,1.7366,2.6259,1775608520090459335
gestureclass,no_sharing,109.9957,85.988,83.3731,42.7767,0.0017,40.2466,1.6999,2.615,1775608520271854423
gestureclass,no_sharing,110.1076,43.2224,40.9016,38.7351,0.0017,1.8225,1.4837,2.3208,1775608520383583203
gestureclass,no_sharing,110.1934,44.4086,42.0588,41.1375,0.0017,0.6274,1.5156,2.3497,1775608520469440533
gestureclass,no_sharing,110.3362,78.5165,76.0957,42.5007,0.0017,33.2774,1.5256,2.4208,1775608520612239869
gestureclass,no_sharing,110.4287,50.3759,47.9918,45.1214,0.0017,2.5717,1.4987,2.3842,1775608520704683785
gestureclass,no_sharing,110.4963,45.7771,43.4558,42.5018,0.0017,0.6235,1.4322,2.3212,1775608520772187252
gestureclass,no_sharing,110.5442,42.7854,40.3354,38.7362,0.0014,1.3084,1.5123,2.45,1775608520820239992
gestureclass,no_sharing,110.5817,59.9205,53.9314,35.4941,0.0013,18.1213,5.0998,5.9892,1775608520861235187
gestureclass,no_sharing,110.6242,51.6694,33.7628,32.9648,0.0014,0.5026,17.0257,17.9066,1775608520915735012
gestureclass,no_sharing,111.1903,54.606,52.0665,36.0578,0.0013,15.6656,1.6158,2.5395,1775608521466398053
gestureclass,no_sharing,111.765,42.8798,40.317,39.4147,0.0016,0.5554,1.5934,2.5629,1775608522041035675
gestureclass,no_sharing,112.1291,60.993,58.3656,47.0208,0.0017,10.9771,1.6947,2.6273,1775608522405279134
gestureclass,no_sharing,113.1594,42.1276,39.5626,38.672,0.0016,0.5506,1.6699,2.565,1775608523435542062
gestureclass,no_sharing,113.2958,50.5354,47.7614,46.7219,0.0016,0.6463,1.7745,2.7741,1775608523572043256
gestureclass,no_sharing,113.9391,44.4493,41.9244,40.9984,0.0016,0.5739,1.6563,2.5249,1775608524215254167
gestureclass,no_sharing,113.9668,58.079,40.6454,39.7777,0.0013,0.5365,16.4948,17.4336,1775608524257808086
gestureclass,no_sharing,114.2732,82.7661,80.0164,75.079,0.0029,4.3475,1.5221,2.7497,1775608524549171454
gestureclass,no_sharing,114.3538,74.3101,71.3843,53.6834,0.0018,17.3053,2.0468,2.9258,1775608524630333243
gestureclass,no_sharing,114.745,75.4313,72.9372,49.2101,0.0019,22.7055,1.6127,2.4941,1775608525021072938
gestureclass,no_sharing,114.9615,81.4123,78.9756,50.1424,0.0018,28.4711,1.579,2.4367,1775608525237521042
gestureclass,no_sharing,114.9682,122.0822,46.7426,45.5486,0.0017,0.8448,74.4367,75.3396,1775608525317090278
gestureclass,no_sharing,115.3196,49.1574,46.6974,42.3853,0.0016,3.9811,1.4973,2.4599,1775608525595599016
gestureclass,no_sharing,115.7636,56.6332,54.0715,46.3568,0.0016,7.3684,1.678,2.5617,1775608526039796014
gestureclass,no_sharing,115.959,88.4821,86.1522,46.8137,0.0016,39.0178,1.5299,2.3299,1775608526235056642
gestureclass,no_sharing,116.0207,122.2832,94.7439,34.5564,0.0014,59.8613,26.7286,27.5394,1775608526321951299
gestureclass,no_sharing,116.308,48.65,46.2756,45.2362,0.0018,0.7119,1.4813,2.3745,1775608526583965619
gestureclass,no_sharing,116.9477,53.5157,51.0306,39.4497,0.0015,11.2284,1.6272,2.4851,1775608527223776636
gestureclass,no_sharing,117.5835,86.8373,84.0117,79.3556,0.0033,4.053,1.8723,2.8256,1775608527859894424
gestureclass,no_sharing,117.9566,84.4905,81.7972,52.4815,0.0022,28.8979,1.7612,2.6933,1775608528232815345
gestureclass,no_sharing,118.0016,123.8492,83.701,54.5364,0.0022,28.6952,39.2616,40.1482,1775608528315370025
gestureclass,no_sharing,118.0866,85.7201,46.2752,45.3185,0.0016,0.6063,38.5504,39.4449,1775608528399683070
gestureclass,no_sharing,118.3795,51.4176,48.8348,47.1304,0.0018,1.3707,1.6489,2.5828,1775608528655678547
gestureclass,no_sharing,118.607,45.2607,42.7012,41.7862,0.0017,0.6212,1.6177,2.5595,1775608528883102904
gestureclass,no_sharing,118.8475,100.0137,97.3705,49.2998,0.0019,47.6809,1.7765,2.6432,1775608529123735128
gestureclass,no_sharing,119.01,95.7959,93.5253,44.4864,0.0014,48.7714,1.4718,2.2706,1775608529285908202
gestureclass,no_sharing,119.1047,62.4142,59.9448,34.5933,0.0014,25.1115,1.4503,2.4694,1775608529380588322
gestureclass,no_sharing,119.4965,55.4025,52.9689,43.7828,0.0018,8.8791,1.5154,2.4336,1775608529772545164
gestureclass,no_sharing,119.5752,46.8278,44.4868,43.5054,0.0018,0.6499,1.4756,2.3409,1775608529851112609
gestureclass,no_sharing,119.6562,64.5478,62.1444,45.497,0.0016,16.3155,1.502,2.4034,1775608529932167117
gestureclass,no_sharing,119.8441,114.9621,112.4437,71.4247,0.003,40.4619,1.5385,2.5184,1775608530120092599
gestureclass,no_sharing,120.5026,50.7741,48.1247,47.0039,0.0017,0.7404,1.7262,2.6494,1775608530778777617
gestureclass,no_sharing,120.7272,81.4776,78.9333,77.192,0.0032,1.1741,1.6158,2.5443,1775608531003317264
gestureclass,no_sharing,121.006,45.6376,43.0868,42.0804,0.0016,0.6289,1.631,2.5508,1775608531282132896
gestureclass,no_sharing,121.0389,57.8532,44.4465,43.4185,0.0018,0.6285,12.4552,13.4067,1775608531325872073
gestureclass,no_sharing,121.3135,79.3207,76.7715,75.0122,0.0029,1.184,1.5659,2.5491,1775608531589538901
gestureclass,no_sharing,121.5883,47.3647,44.8194,43.8837,0.0017,0.6275,1.6537,2.5453,1775608531864458147
gestureclass,no_sharing,121.646,71.8155,69.1559,42.6777,0.0018,26.1674,1.7591,2.6596,1775608531922233748
gestureclass,no_sharing,121.661,118.5341,61.0498,59.5686,0.0027,0.9963,56.5076,57.4843,1775608531991986370
gestureclass,no_sharing,121.7577,66.6852,44.1805,43.1912,0.0016,0.6161,21.6324,22.5047,1775608532053777824
gestureclass,no_sharing,122.0254,48.5485,45.9523,45.033,0.0018,0.6234,1.6775,2.5962,1775608532301511471
gestureclass,no_sharing,122.0311,101.7408,58.4708,42.3337,0.0015,15.7754,42.4776,43.2701,1775608532348056164
gestureclass,no_sharing,122.1705,59.9105,57.4373,50.9056,0.0018,6.1678,1.5564,2.4733,1775608532446588839
gestureclass,no_sharing,122.1965,100.7786,65.7885,46.8975,0.0018,18.5561,33.6659,34.9901,1775608532504621229
gestureclass,no_sharing,122.2967,68.2762,65.5856,47.3159,0.0016,18.0086,1.7817,2.6906,1775608532572931271
gestureclass,no_sharing,122.4274,58.4176,56.0138,37.275,0.0015,18.4883,1.4713,2.4038,1775608532703352686
gestureclass,no_sharing,122.5017,59.8438,57.4568,34.9515,0.0013,22.2328,1.4775,2.387,1775608532777643442
gestureclass,no_sharing,122.6704,51.266,48.9307,37.1855,0.0015,11.485,1.5154,2.3352,1775608532946416622
gestureclass,no_sharing,122.9413,52.0279,49.278,48.2567,0.0016,0.6363,1.8151,2.7499,1775608533217603457
gestureclass,no_sharing,122.9771,78.3596,61.4884,41.5104,0.0017,19.6159,16.0284,16.8712,1775608533267601485
gestureclass,no_sharing,123.049,61.5141,54.4738,42.7995,0.0013,10.8287,6.2323,7.0403,1775608533329685070
gestureclass,no_sharing,123.1864,51.3949,48.9442,36.6819,0.0014,12.0145,1.5557,2.4508,1775608533462448652
gestureclass,no_sharing,123.3685,80.714,78.1332,52.7044,0.0021,25.069,1.672,2.5808,1775608533644704348
gestureclass,no_sharing,123.9522,76.3984,73.813,45.534,0.0017,27.9047,1.7269,2.5854,1775608534228442446
gestureclass,no_sharing,124.555,55.2115,52.8126,40.0246,0.0015,12.4335,1.6122,2.3989,1775608534831073677
gestureclass,no_sharing,124.7262,86.4565,83.8165,66.3783,0.0032,16.8317,1.7328,2.64,1775608535002371877
gestureclass,no_sharing,125.0141,103.4031,100.7723,52.2559,0.0018,48.1841,1.7965,2.6308,1775608535290387847
gestureclass,no_sharing,125.2368,98.706,96.3204,85.6477,0.0031,10.1456,1.4977,2.3856,1775608535512766485
gestureclass,no_sharing,125.3657,119.8885,117.6715,49.3115,0.0016,67.9878,1.56,2.217,1775608535641738846
gestureclass,no_sharing,125.4637,105.5415,82.9478,49.8069,0.0018,32.7546,21.8999,22.5937,1775608535760050650
gestureclass,no_sharing,126.5112,52.897,50.4275,48.6175,0.0019,1.389,1.6751,2.4694,1775608536787320756
gestureclass,no_sharing,126.553,59.1271,47.2744,42.8297,0.0013,4.1485,11.0893,11.8527,1775608536838593146
gestureclass,no_sharing,126.7277,83.6873,80.4481,77.9544,0.0032,1.8949,2.3005,3.2392,1775608537004507842
gestureclass,no_sharing,126.7278,134.4872,49.9798,48.9314,0.002,0.7092,83.5607,84.5074,1775608537085805947
gestureclass,no_sharing,126.8507,58.3794,46.2677,45.2835,0.0016,0.6205,11.323,12.1117,1775608537136480102
gestureclass,no_sharing,126.8724,84.4781,46.7535,41.904,0.0017,4.5103,36.499,37.7246,1775608537183428632
gestureclass,no_sharing,127.6034,48.3191,45.4714,44.4923,0.0017,0.6153,1.6501,2.8477,1775608537879566976
gestureclass,no_sharing,127.651,77.1182,74.7881,41.7572,0.0018,32.732,1.534,2.33,1775608537926977677
gestureclass,no_sharing,127.7313,87.2207,84.9439,77.1335,0.0029,7.2833,1.3945,2.2768,1775608538007152614
gestureclass,no_sharing,127.743,168.8216,92.6077,86.4987,0.0033,5.5086,75.3107,76.2139,1775608538092828778
gestureclass,no_sharing,128.1483,57.5488,55.1485,45.0196,0.0017,9.7805,1.5593,2.4003,1775608538424330917
gestureclass,no_sharing,128.6492,48.9874,46.4102,45.4221,0.0018,0.6268,1.6766,2.5772,1775608538925312037
gestureclass,no_sharing,128.9927,76.1001,73.6172,43.0815,0.0016,30.179,1.5802,2.4829,1775608539268752410
gestureclass,no_sharing,129.086,92.4816,90.1794,45.037,0.0014,44.8456,1.4606,2.3022,1775608539361925401
gestureclass,no_sharing,129.5013,79.6356,77.0155,67.2998,0.0026,9.2054,1.7257,2.6201,1775608539777512282
gestureclass,no_sharing,130.2521,83.2469,80.3366,51.9587,0.0023,27.9871,2.0125,2.9103,1775608540528548850
gestureclass,no_sharing,130.2994,136.7445,100.3958,54.4773,0.0017,45.5546,35.5935,36.3487,1775608540609509596
gestureclass,no_sharing,130.4231,92.86,78.7799,42.7873,0.0014,35.6942,12.9285,14.0801,1775608540710489590
gestureclass,no_sharing,130.4816,148.433,113.7948,36.0857,0.0014,38.699,33.8259,34.6382,1775608540789914241
gestureclass,no_sharing,130.4833,146.9243,113.7948,36.0857,0.0014,38.699,32.1741,33.1295,1775608540789914241
gestureclass,no_sharing,131.2756,51.5914,48.9644,44.7578,0.0016,3.8733,1.7242,2.627,1775608541551770374
gestureclass,no_sharing,131.8221,72.2375,69.7877,47.3088,0.0015,22.1172,1.6208,2.4498,1775608542098155289
gestureclass,no_sharing,131.9989,58.0049,55.7128,37.2463,0.0014,17.6733,1.5163,2.292,1775608542274911767
gestureclass,no_sharing,132.1492,89.3726,87.21,40.2722,0.0013,46.5798,1.4336,2.1627,1775608542425076026
gestureclass,no_sharing,132.2814,96.9057,94.4602,51.4216,0.0018,42.701,1.6475,2.4455,1775608542557576352
gestureclass,no_sharing,132.3109,176.5249,108.4867,51.5337,0.0018,56.568,67.2829,68.0382,1775608542652689087
gestureclass,no_sharing,132.5261,62.8152,60.68,40.279,0.0017,20.0712,1.3063,2.1352,1775608542801854697
gestureclass,no_sharing,132.7109,58.9485,56.5838,54.7741,0.0031,1.2162,1.5082,2.3648,1775608542986905672
gestureclass,no_sharing,133.0493,95.7274,93.4608,45.2098,0.0017,47.927,1.4787,2.2666,1775608543325308515
gestureclass,no_sharing,133.0903,141.3379,85.8373,46.3778,0.0017,39.1072,54.6503,55.5006,1775608543419409623
gestureclass,no_sharing,133.1694,146.3888,83.1974,63.0687,0.0025,19.6783,61.9135,63.1914,1775608543505772194
gestureclass,no_sharing,133.2528,125.9987,62.5461,61.0452,0.0023,0.9931,62.4228,63.4526,1775608543589719934
gestureclass,no_sharing,133.3148,121.515,56.8587,47.2097,0.0017,9.2147,63.7832,64.6563,1775608543653058103
gestureclass,no_sharing,133.5061,95.9492,93.5048,48.5685,0.0016,44.6124,1.5578,2.4443,1775608543782117416
gestureclass,no_sharing,133.6182,84.0037,81.599,42.3208,0.0016,38.985,1.543,2.4047,1775608543894248488
gestureclass,no_sharing,133.6576,138.1209,92.9578,55.5047,0.0017,37.086,44.3277,45.163,1775608543976452497
gestureclass,no_sharing,133.7274,173.9914,104.8477,49.8681,0.0017,54.6261,68.1441,69.1437,1775608544070005970
gestureclass,no_sharing,134.308,60.3571,57.8332,49.0995,0.002,8.3334,1.6952,2.5239,1775608544584182757
gestureclass,no_sharing,134.4392,79.9754,77.4367,47.2233,0.0019,29.8809,1.6682,2.5387,1775608544715377628
gestureclass,no_sharing,134.9143,82.1309,79.6526,77.882,0.0034,1.1776,1.5662,2.4783,1775608545190324830
gestureclass,no_sharing,135.0283,59.6588,56.883,42.5566,0.0017,13.9472,1.5702,2.7758,1775608545304368636
gestureclass,no_sharing,135.0875,81.502,79.0621,45.8458,0.0016,32.9099,1.637,2.4399,1775608545363586071
gestureclass,no_sharing,135.3931,64.1513,61.4065,49.652,0.0017,11.3944,1.5326,2.7448,1775608545669073658
gestureclass,no_sharing,135.4567,49.5572,47.1152,46.1964,0.0017,0.6118,1.6255,2.442,1775608545732808173
gestureclass,no_sharing,135.4912,69.4735,53.6739,42.2094,0.0017,11.1097,14.9477,15.7996,1775608545780609828
gestureclass,no_sharing,135.5231,84.8548,46.3248,45.3646,0.0017,0.6151,37.3065,38.5301,1775608545834930210
gestureclass,no_sharing,135.6072,41.6818,39.2282,38.4517,0.0014,0.5233,1.5769,2.4536,1775608545883249278
gestureclass,no_sharing,135.7211,60.4098,57.6305,44.5335,0.0019,12.7626,1.8494,2.7793,1775608545997441992
gestureclass,no_sharing,135.7692,59.7847,46.7308,45.6703,0.0018,0.6753,12.1212,13.0539,1775608546055810595
gestureclass,no_sharing,136.183,76.1662,73.4786,44.9296,0.0018,28.1799,1.7519,2.6875,1775608546459241869
gestureclass,no_sharing,136.3235,80.9054,78.3077,74.9479,0.0031,2.8032,1.6096,2.5978,1775608546599634483
gestureclass,no_sharing,136.7689,54.8081,52.2121,51.1633,0.0019,0.7049,1.7092,2.596,1775608547045074681
gestureclass,no_sharing,136.9131,48.0418,45.5995,42.3615,0.0015,2.9322,1.5454,2.4423,1775608547189084685
gestureclass,no_sharing,137.0762,51.7333,48.9558,43.8618,0.0017,4.1777,1.5829,2.7775,1775608547352260571
gestureclass,no_sharing,137.4075,75.3825,72.9563,43.6838,0.0015,28.9104,1.5979,2.4262,1775608547683569971
gestureclass,no_sharing,137.8931,68.3899,65.5196,43.2118,0.0016,21.9389,1.6804,2.8703,1775608548169257703
gestureclass,no_sharing,137.9246,140.3265,103.1601,43.2195,0.0015,59.6232,36.3512,37.1664,1775608548235391226
gestureclass,no_sharing,138.5547,41.7111,39.3021,38.4101,0.0016,0.5839,1.5168,2.409,1775608548830664361
gestureclass,no_sharing,138.5794,72.7816,55.2706,38.0826,0.0014,16.8743,16.7325,17.5109,1775608548870613828
gestureclass,no_sharing,139.6355,48.9037,46.4282,39.4521,0.0018,6.6017,1.5688,2.4755,1775608549911526457
gestureclass,no_sharing,139.9184,61.2307,58.7629,39.0149,0.0016,19.3916,1.616,2.4677,1775608550194499567
gestureclass,no_sharing,140.0568,40.1723,37.7683,36.9707,0.0015,0.5406,1.5702,2.404,1775608550332846135
gestureclass,no_sharing,140.3469,76.426,74.0998,38.4283,0.0014,35.3272,1.5287,2.3263,1775608550622877681
gestureclass,no_sharing,140.7381,69.8845,67.433,62.1261,0.0021,4.1522,1.534,2.4516,1775608551014117354
gestureclass,no_sharing,140.7468,175.0255,113.2624,55.1507,0.0017,28.8708,60.9672,61.763,1775608551082269279
gestureclass,no_sharing,140.7949,126.9071,113.2624,55.1507,0.0017,28.8708,12.8369,13.6447,1775608551082269279
gestureclass,no_sharing,141.0396,100.7581,98.4261,51.3066,0.0015,46.7911,1.4894,2.332,1775608551315615650
gestureclass,no_sharing,141.1659,43.9186,41.5487,40.6425,0.0015,0.6166,1.4689,2.3699,1775608551441900844
gestureclass,no_sharing,141.1766,77.5013,43.7316,42.7319,0.0019,0.6112,32.9573,33.7697,1775608551484088587
gestureclass,no_sharing,141.4876,54.723,52.1385,51.1181,0.0022,0.6782,1.7123,2.5845,1775608551763749344
gestureclass,no_sharing,141.6052,46.0365,43.8091,42.866,0.0016,0.6138,1.4129,2.2274,1775608551881113672
gestureclass,no_sharing,141.7167,63.6995,61.2517,59.3362,0.0032,1.364,1.5225,2.4478,1775608551992697781
gestureclass,no_sharing,142.4841,55.4335,52.9659,46.2233,0.0017,6.4038,1.5812,2.4676,1775608552760162176
gestureclass,no_sharing,142.8535,54.1084,51.0221,50.0897,0.0017,0.6262,1.8055,3.0863,1775608553129785987
gestureclass,no_sharing,142.9071,49.9356,47.3633,42.3372,0.0016,4.7498,1.7569,2.5723,1775608553183332714
gestureclass,no_sharing,142.9602,42.1953,39.5981,37.77,0.0015,1.5078,1.7865,2.5972,1775608553236493933
gestureclass,no_sharing,143.2857,78.0044,75.411,73.7139,0.0032,1.1575,1.5821,2.5934,1775608553561742627
gestureclass,no_sharing,144.0237,82.4966,79.8365,46.2557,0.0018,33.248,1.6534,2.6602,1775608554299793357
gestureclass,no_sharing,144.123,62.0432,59.7336,44.4726,0.0014,14.9665,1.4281,2.3096,1775608554398890886
gestureclass,no_sharing,144.5408,46.1438,43.8505,42.888,0.0018,0.6536,1.4539,2.2932,1775608554816765731
gestureclass,no_sharing,144.5425,90.6298,45.4227,44.419,0.0018,0.6318,44.2989,45.2071,1775608554861321283
gestureclass,no_sharing,144.829,86.5519,83.7987,82.1746,0.002,1.2064,1.7591,2.7532,1775608555105255077
gestureclass,no_sharing,144.8328,189.6157,105.9988,55.2426,0.0019,25.1678,82.593,83.617,1775608555189877892
gestureclass,no_sharing,144.8871,135.3123,105.9988,55.2426,0.0019,25.1678,28.2621,29.3135,1775608555189877892
gestureclass,no_sharing,145.16,45.3639,43.0147,42.0728,0.0018,0.6258,1.4651,2.3492,1775608555435959269
gestureclass,no_sharing,145.2728,78.4655,75.9837,63.8361,0.0024,11.7075,1.5788,2.4817,1775608555548814070
gestureclass,no_sharing,145.8203,76.4399,73.9418,48.3485,0.0017,25.2937,1.5783,2.498,1775608556096389889
gestureclass,no_sharing,146.0189,47.6294,45.0917,44.1332,0.0016,0.6034,1.5981,2.5376,1775608556294998157
gestureclass,no_sharing,146.0908,69.3159,66.5247,46.0874,0.0059,19.9467,1.5156,2.7912,1775608556366766423
gestureclass,no_sharing,146.444,80.646,77.7865,46.44,0.0017,30.9647,2.0168,2.8596,1775608556720471210
gestureclass,no_sharing,146.6821,72.7482,70.3485,39.0451,0.0016,31.0073,1.4918,2.3997,1775608556958034683
gestureclass,no_sharing,146.7506,72.8333,67.821,42.2645,0.0013,25.23,4.1063,5.0123,1775608557029147272
gestureclass,no_sharing,147.2035,50.9374,48.2241,46.4744,0.0031,1.1776,1.7228,2.7133,1775608557479719345
gestureclass,no_sharing,147.5668,82.1049,79.5394,43.9575,0.0017,35.2717,1.6141,2.5655,1775608557842868436
gestureclass,no_sharing,147.7571,86.0217,83.2287,80.0085,0.0034,2.6187,1.8399,2.7929,1775608558033382944
gestureclass,no_sharing,147.859,50.4675,48.0164,42.2063,0.0017,5.4847,1.5745,2.4511,1775608558135019315
gestureclass,no_sharing,148.0552,46.3321,43.9207,42.3476,0.0018,0.6134,1.4796,2.4115,1775608558331145025
gestureclass,no_sharing,148.3788,98.598,96.2336,51.3587,0.0019,44.5505,1.6212,2.3644,1775608558654881825
gestureclass,no_sharing,148.4085,133.6036,63.9567,42.5344,0.0017,21.0187,68.8021,69.6469,1775608558751821840
gestureclass,no_sharing,148.5453,52.0611,49.7499,45.2609,0.0017,4.1856,1.4157,2.3112,1775608558821237423
gestureclass,no_sharing,148.5884,112.4763,102.863,45.5318,0.0019,56.9751,8.7802,9.6134,1775608558871674741
gestureclass,no_sharing,148.9825,56.3056,53.6875,49.8169,0.0019,3.5244,1.6723,2.6182,1775608559258689794
gestureclass,no_sharing,148.9933,100.137,54.0408,44.6862,0.0016,8.9697,45.2452,46.0962,1775608559313059338
gestureclass,no_sharing,149.0707,94.8224,71.1716,47.4439,0.0017,11.687,22.5708,23.6508,1775608559367798972
gestureclass,no_sharing,149.0765,89.1302,71.1716,47.4439,0.0017,11.687,16.8555,17.9586,1775608559367798972
gestureclass,no_sharing,149.1286,92.0334,54.4296,45.0421,0.0016,9.0119,36.7804,37.6038,1775608559439841888
gestureclass,no_sharing,149.3839,58.0797,55.6476,54.5342,0.0019,0.739,1.5359,2.4322,1775608559659964848
gestureclass,no_sharing,149.854,54.234,51.6818,47.0633,0.0018,4.1971,1.6391,2.5522,1775608560130072803
gestureclass,no_sharing,150.099,58.1801,55.759,44.7444,0.0018,10.6211,1.605,2.4211,1775608560375118108
gestureclass,no_sharing,150.1785,45.481,43.062,42.1403,0.0017,0.6247,1.5178,2.4189,1775608560454539965
gestureclass,no_sharing,150.6933,50.5974,48.3321,42.8522,0.0017,5.1314,1.4188,2.2653,1775608560969159112
gestureclass,no_sharing,150.7971,39.8293,37.5218,36.6616,0.0014,0.5421,1.4923,2.3075,1775608561073038952
gestureclass,no_sharing,150.8668,50.6067,48.3404,37.3175,0.0014,10.7684,1.4112,2.2663,1775608561142644796
gestureclass,no_sharing,151.4867,57.7998,55.1813,46.5058,0.0018,8.3072,1.7047,2.6185,1775608561762847439
gestureclass,no_sharing,151.7329,79.0195,76.4898,74.6766,0.0033,1.2508,1.5707,2.5297,1775608562008909840
gestureclass,no_sharing,151.8755,53.8867,51.4259,48.295,0.0017,2.7324,1.6284,2.4607,1775608562151619861
gestureclass,no_sharing,152.1484,55.8009,53.1636,52.0788,0.0019,0.7121,1.6944,2.6373,1775608562424613018
gestureclass,no_sharing,152.4774,95.9206,93.2398,83.7622,0.0031,8.8747,1.7097,2.6807,1775608562753629148
gestureclass,no_sharing,152.6673,50.9081,48.5691,41.4205,0.0017,6.7897,1.4737,2.339,1775608562943295654
gestureclass,no_sharing,152.8114,84.3174,81.253,79.3906,0.0035,1.2474,1.5712,3.0644,1775608563087442752
gestureclass,no_sharing,153.2217,74.888,72.3421,69.8551,0.002,2.0543,1.7228,2.5459,1775608563497856534
gestureclass,no_sharing,153.2849,65.3586,53.0303,51.9627,0.0017,0.6719,11.4753,12.3284,1775608563570900330
gestureclass,no_sharing,153.4678,50.3697,47.9559,46.9842,0.0017,0.656,1.5585,2.4139,1775608563743839946
gestureclass,no_sharing,153.715,64.8005,62.2495,60.5467,0.0028,1.1622,1.5841,2.551,1775608563991036033
gestureclass,no_sharing,153.8668,51.3303,48.7913,47.7998,0.0018,0.6685,1.6415,2.539,1775608564142885100
gestureclass,no_sharing,153.94,53.9086,51.5277,45.687,0.0018,5.5323,1.4975,2.3808,1775608564215994378
gestureclass,no_sharing,154.2835,85.2039,82.6054,79.3237,0.0031,2.6639,1.6153,2.5985,1775608564559574957
gestureclass,no_sharing,154.3045,147.0335,82.23,80.3854,0.0031,1.1858,63.8988,64.8034,1775608564642921411
gestureclass,no_sharing,154.4978,50.39,48.0106,46.3667,0.0016,0.6491,1.5483,2.3794,1775608564773827083
gestureclass,no_sharing,154.5025,90.4732,44.1133,43.1332,0.0017,0.6263,45.5275,46.3599,1775608564822542323
gestureclass,no_sharing,154.8181,99.8833,97.6474,71.711,0.0026,25.4627,1.4465,2.2359,1775608565094006060
gestureclass,no_sharing,155.1946,44.7915,42.4315,41.5026,0.0018,0.6156,1.4791,2.3599,1775608565470520890
gestureclass,no_sharing,155.3878,80.8258,78.1967,44.8984,0.0018,32.8864,1.8115,2.6291,1775608565664090815
gestureclass,no_sharing,155.517,46.5684,44.0556,43.141,0.0017,0.612,1.5941,2.5128,1775608565793092158
gestureclass,no_sharing,155.5788,45.3269,42.9341,42.0,0.0017,0.6227,1.5135,2.3929,1775608565854798185
gestureclass,no_sharing,156.1995,52.0787,49.4403,47.7077,0.0031,1.1674,1.6749,2.6385,1775608566475608299
gestureclass,no_sharing,156.2938,53.0274,50.5113,44.6814,0.0017,5.4928,1.6563,2.5161,1775608566569895732
gestureclass,no_sharing,156.4238,74.7614,72.3333,44.0229,0.0019,27.9321,1.5612,2.4281,1775608566699881982
gestureclass,no_sharing,156.4393,113.8735,53.9677,42.6463,0.0017,10.9794,59.0885,59.9058,1775608566772849356
gestureclass,no_sharing,156.7024,45.4414,43.0559,41.9222,0.0021,0.776,1.5213,2.3855,1775608566978420594
gestureclass,no_sharing,156.7301,63.9105,45.531,42.6461,0.0017,2.5055,17.4584,18.3795,1775608567022075289
gestureclass,no_sharing,157.0738,61.08,58.7677,42.9238,0.0016,15.5458,1.4288,2.3123,1775608567349684392
gestureclass,no_sharing,157.0821,131.2842,77.8638,41.8431,0.0017,35.6405,52.5792,53.4204,1775608567409115992
gestureclass,no_sharing,157.3548,43.4306,41.1119,40.0775,0.0015,0.7407,1.4729,2.3187,1775608567630713623
gestureclass,no_sharing,157.7278,77.4467,74.9166,67.8641,0.003,6.4686,1.5986,2.5301,1775608568003859495
gestureclass,no_sharing,157.7503,189.2788,133.5743,53.7137,0.0015,39.7537,54.7993,55.7045,1775608568079599758
gestureclass,no_sharing,157.761,178.7157,133.5743,53.7137,0.0015,39.7537,44.0688,45.1414,1775608568079599758
gestureclass,no_sharing,157.8637,123.4407,46.6982,45.1741,0.0017,1.1689,75.8088,76.7425,1775608568213941552
gestureclass,no_sharing,158.0705,83.9636,81.5368,44.9592,0.0017,36.2745,1.4935,2.4269,1775608568346463367
gestureclass,no_sharing,158.0816,163.8787,90.3407,49.7365,0.0016,40.2464,72.6945,73.538,1775608568428729036
gestureclass,no_sharing,158.395,88.9628,86.8012,42.9755,0.0017,43.5348,1.4288,2.1616,1775608568670887690
gestureclass,no_sharing,158.4234,151.9034,90.5702,44.6004,0.0015,45.6266,60.4548,61.3332,1775608568758330317
gestureclass,no_sharing,158.9159,80.7531,78.1681,64.6299,0.0024,13.0433,1.7452,2.585,1775608569192152916
gestureclass,no_sharing,159.1251,44.6146,42.0411,41.2069,0.0015,0.563,1.6551,2.5734,1775608569401209834
gestureclass,no_sharing,159.2149,64.6014,62.0421,60.2651,0.0035,1.2454,1.564,2.5593,1775608569490960562
gestureclass,no_sharing,159.342,50.2551,47.7141,40.2939,0.0015,7.0696,1.6327,2.5409,1775608569618097563
gestureclass,no_sharing,159.3487,101.1875,56.8103,37.6412,0.0043,18.8412,43.3519,44.3771,1775608569666485017
gestureclass,no_sharing,159.451,39.0465,36.6065,35.8441,0.0013,0.5015,1.5655,2.4401,1775608569727045545
gestureclass,no_sharing,159.8913,67.0111,64.4406,62.1768,0.0025,1.8022,1.6878,2.5705,1775608570167431654
gestureclass,no_sharing,159.9933,92.0086,89.59,67.6392,0.0026,21.4689,1.5302,2.4186,1775608570269349665
gestureclass,no_sharing,160.0975,61.9626,59.4979,42.7244,0.0017,16.4857,1.6041,2.4648,1775608570373627280
gestureclass,no_sharing,160.1853,44.2045,41.838,40.9211,0.0018,0.6106,1.4873,2.3665,1775608570461221929
gestureclass,no_sharing,160.625,84.2471,81.7504,45.9242,0.0018,35.4612,1.6854,2.4968,1775608570901124474
gestureclass,no_sharing,160.8408,93.0343,90.4575,75.5733,0.0018,14.4634,1.6789,2.5768,1775608571116997773
gestureclass,no_sharing,160.9145,86.3376,66.2983,51.68,0.0018,14.2296,19.1491,20.0393,1775608571208142974
gestureclass,no_sharing,161.3602,86.6089,84.0611,82.18,0.0034,1.2773,1.5922,2.5478,1775608571636233285
gestureclass,no_sharing,161.5317,77.8396,75.2597,47.4052,0.0017,27.473,1.7402,2.5799,1775608571807914213
gestureclass,no_sharing,161.5345,173.3139,97.4952,51.3279,0.0016,22.9013,74.928,75.8187,1775608571883869442
gestureclass,no_sharing,161.6051,102.916,97.4952,51.3279,0.0016,22.9013,4.3342,5.4208,1775608571883869442
gestureclass,no_sharing,162.1947,53.3609,50.8277,45.9146,0.003,4.3546,1.6372,2.5332,1775608572470868527
gestureclass,no_sharing,162.2382,85.243,74.542,44.4598,0.0015,29.7646,9.8355,10.7009,1775608572522481889
gestureclass,no_sharing,162.4272,58.5918,56.214,39.3218,0.0016,16.0316,1.5244,2.3779,1775608572703241549
gestureclass,no_sharing,162.8285,65.454,63.0191,33.8878,0.0015,28.8081,1.5922,2.4349,1775608573104569624
gestureclass,no_sharing,163.1356,47.9479,45.3792,42.074,0.0014,3.0352,1.6456,2.5686,1775608573411712985
gestureclass,no_sharing,163.2915,51.0261,48.4861,37.9754,0.0014,10.1708,1.677,2.54,1775608573567644325
gestureclass,no_sharing,163.4843,52.1462,49.4202,48.4061,0.0017,0.6363,1.735,2.726,1775608573760510937
gestureclass,no_sharing,163.6561,59.1497,56.7782,42.9603,0.0014,13.5329,1.5335,2.3715,1775608573932154446
gestureclass,no_sharing,163.7271,57.0939,54.7204,45.8431,0.0015,8.6246,1.4765,2.3734,1775608574003089651
gestureclass,no_sharing,164.0623,58.3127,55.6655,47.6216,0.0016,7.6843,1.7762,2.6472,1775608574338553904
gestureclass,no_sharing,164.1733,66.7171,64.3216,36.5799,0.0013,27.4888,1.498,2.3956,1775608574449240854
gestureclass,no_sharing,164.3019,63.7624,61.2679,59.8488,0.0025,0.9466,1.5836,2.4945,1775608574577979327
gestureclass,no_sharing,164.5793,87.1665,85.0198,39.4037,0.0013,45.3128,1.4691,2.1467,1775608574855301928
gestureclass,no_sharing,164.8891,88.541,85.9824,82.512,0.0033,2.8492,1.6804,2.5586,1775608575165293727
gestureclass,no_sharing,165.324,57.0922,54.4419,51.2523,0.0018,2.7619,1.7335,2.6503,1775608575600184068
gestureclass,no_sharing,165.4455,45.5794,43.0775,42.1538,0.0017,0.6251,1.5743,2.5019,1775608575721520584
gestureclass,no_sharing,165.5363,66.267,63.8198,46.2942,0.0015,17.1637,1.5812,2.4472,1775608575812323613
gestureclass,no_sharing,165.6866,45.5029,43.0741,42.1404,0.0017,0.6239,1.5993,2.4288,1775608575962701889
gestureclass,no_sharing,165.836,64.8396,62.2449,51.1588,0.0018,10.7197,1.7226,2.5947,1775608576112239349
gestureclass,no_sharing,166.0647,46.5899,44.0176,42.8561,0.0017,0.8358,1.5373,2.5723,1775608576340722319
gestureclass,no_sharing,166.1089,74.3265,71.227,42.6512,0.0016,28.2172,2.2233,3.0995,1775608576385576853
gestureclass,no_sharing,166.5335,58.8403,56.3206,42.9177,0.0016,13.0426,1.6737,2.5196,1775608576809652559
gestureclass,no_sharing,167.2106,90.6589,88.0257,83.0043,0.0034,4.3563,1.6806,2.6332,1775608577486778246
gestureclass,no_sharing,167.4979,48.1498,45.6521,44.6524,0.0017,0.6304,1.5912,2.4977,1775608577773972744
gestureclass,no_sharing,167.537,67.7025,58.0029,43.0616,0.0018,14.585,8.7969,9.6996,1775608577820301233
gestureclass,no_sharing,167.8513,47.3325,44.8056,43.8099,0.0017,0.6265,1.6446,2.5269,1775608578127406178
gestureclass,no_sharing,168.0446,51.3213,48.687,44.0477,0.0016,4.2723,1.6811,2.6342,1775608578320768233
gestureclass,no_sharing,168.2947,52.9802,50.3771,49.366,0.0017,0.687,1.734,2.6031,1775608578570872999
gestureclass,no_sharing,168.8502,50.436,47.8019,46.8559,0.0019,0.6251,1.7643,2.6341,1775608579126407706
gestureclass,no_sharing,169.0633,53.0839,50.4802,46.0059,0.0016,4.1072,1.7388,2.6036,1775608579339508804
gestureclass,no_sharing,169.512,78.6481,76.1774,46.401,0.0018,29.3942,1.6942,2.4707,1775608579788135221
gestureclass,no_sharing,169.6378,51.64,49.2924,38.7209,0.0016,10.2934,1.5032,2.3476,1775608579913777072
gestureclass,no_sharing,169.6505,105.6421,66.0968,38.2998,0.0013,27.4764,38.6899,39.5453,1775608579963654523
gestureclass,no_sharing,169.9469,45.6698,43.2965,36.6554,0.0014,5.8588,1.4999,2.3733,1775608580222839859
gestureclass,no_sharing,170.2835,41.8382,39.3758,38.5171,0.0017,0.5297,1.6415,2.4624,1775608580559580936
gestureclass,no_sharing,170.3785,51.5647,49.2648,35.0494,0.0014,13.9743,1.5318,2.2999,1775608580654465483
gestureclass,no_sharing,170.4234,92.3765,85.1829,42.1915,0.0014,42.7096,6.3708,7.1936,1775608580704303116
gestureclass,no_sharing,170.5657,66.7508,64.479,41.0756,0.0015,23.1538,1.4503,2.2718,1775608580841638179
gestureclass,no_sharing,170.972,84.759,82.486,40.5321,0.0015,41.6926,1.4625,2.273,1775608581247910704
gestureclass,no_sharing,171.0786,77.7078,75.3845,40.176,0.0013,34.9608,1.4224,2.3232,1775608581354470456
gestureclass,no_sharing,171.1448,45.9874,33.9961,33.1942,0.0013,0.5019,11.157,11.9913,1775608581430488115
gestureclass,no_sharing,171.3341,58.8529,56.2194,55.0163,0.0023,0.8115,1.6232,2.6335,1775608581610242201
gestureclass,no_sharing,171.3818,55.6507,43.8381,42.9296,0.0015,0.5473,10.8976,11.8126,1775608581667220129
gestureclass,no_sharing,171.4477,40.7205,38.2859,36.8384,0.0014,1.184,1.5013,2.4346,1775608581723682927
gestureclass,no_sharing,171.4986,72.4208,70.0965,35.9775,0.0014,33.8717,1.4954,2.3243,1775608581774602534
gestureclass,no_sharing,171.7559,56.9155,54.4138,53.1786,0.0022,0.8237,1.5016,2.5017,1775608582031860634
gestureclass,no_sharing,171.972,88.6583,86.2595,53.1127,0.002,32.7621,1.5674,2.3988,1775608582248037322
gestureclass,no_sharing,172.1761,45.0683,42.7805,41.8762,0.0015,0.5744,1.4534,2.2877,1775608582452080331
gestureclass,no_sharing,172.7519,46.3707,43.9647,42.215,0.0017,1.4404,1.5292,2.406,1775608583027949078
gestureclass,no_sharing,173.1118,63.6528,61.2491,39.0335,0.0019,21.8792,1.5385,2.4037,1775608583387860629
gestureclass,no_sharing,173.2439,85.8841,80.769,78.8964,0.0033,1.2467,1.6134,5.1151,1775608583519950241
gestureclass,no_sharing,173.354,52.3496,49.5501,45.3652,0.0017,3.8215,1.9741,2.7995,1775608583630442532
gestureclass,no_sharing,173.5339,47.2193,44.7737,39.2882,0.0015,5.1282,1.6539,2.4456,1775608583810037072
gestureclass,no_sharing,173.7213,73.8871,71.2575,68.3663,0.0034,2.3511,1.6265,2.6296,1775608583997440475
gestureclass,no_sharing,173.8612,53.205,50.6345,48.7106,0.0018,1.6027,1.6985,2.5705,1775608584137408083
gestureclass,no_sharing,174.3524,60.7903,58.2199,44.9759,0.0017,12.8615,1.699,2.5704,1775608584628583956
gestureclass,no_sharing,174.5828,47.5056,45.0171,39.2642,0.0015,5.4142,1.6398,2.4886,1775608584858881953
gestureclass,no_sharing,174.5894,83.569,41.9874,40.9511,0.0016,0.682,40.6837,41.5816,1775608584904601526
gestureclass,no_sharing,175.0103,77.1437,74.7148,43.7051,0.0016,30.6934,1.5655,2.4288,1775608585286363496
gestureclass,no_sharing,175.1002,69.2337,66.8198,48.1869,0.0017,18.323,1.5068,2.4139,1775608585376145351
gestureclass,no_sharing,175.3188,88.2378,85.1216,83.204,0.0036,1.2908,1.6177,3.1161,1775608585594891351
gestureclass,no_sharing,175.3645,118.3977,75.5936,58.9803,0.0017,16.1725,41.9104,42.8041,1775608585680884698
gestureclass,no_sharing,175.692,52.8038,50.2008,48.4714,0.003,1.1364,1.6372,2.603,1775608585968092940
gestureclass,no_sharing,175.779,65.5439,63.0708,45.946,0.0018,16.7362,1.627,2.4731,1775608586055112048
gestureclass,no_sharing,175.869,48.9101,46.4466,43.4118,0.0016,2.1256,1.5845,2.4636,1775608586145103536
gestureclass,no_sharing,175.9681,48.3322,45.838,44.914,0.0017,0.6172,1.5857,2.4942,1775608586244214092
gestureclass,no_sharing,176.0187,45.7246,43.3248,41.8536,0.0016,1.1734,1.5264,2.3998,1775608586294692020
gestureclass,no_sharing,176.0726,87.8818,85.4436,42.6888,0.0015,42.4587,1.5585,2.4382,1775608586348664927
gestureclass,no_sharing,176.095,171.4275,105.3808,52.4194,0.0014,52.6359,65.2037,66.0467,1775608586434725968
gestureclass,no_sharing,176.175,162.7293,70.563,42.0568,0.0015,28.1677,91.2399,92.1662,1775608586540771189
gestureclass,no_sharing,176.656,55.6817,53.3122,37.8785,0.0014,15.1533,1.461,2.3695,1775608586931894128
gestureclass,no_sharing,176.9262,82.2036,79.4239,77.7196,0.0031,1.1503,1.7619,2.7797,1775608587202401027
gestureclass,no_sharing,177.0356,83.2422,80.4505,78.7337,0.0032,1.1661,1.7469,2.7917,1775608587311806344
gestureclass,no_sharing,177.0514,123.518,55.1275,54.0618,0.0018,0.3436,67.3614,68.3904,1775608587393211481
gestureclass,no_sharing,177.0571,117.8994,55.1275,54.0618,0.0018,0.3436,61.5876,62.7719,1775608587393211481
gestureclass,no_sharing,177.6576,54.2152,51.5267,49.7657,0.0019,1.3612,1.7598,2.6885,1775608587933792740
gestureclass,no_sharing,177.8802,46.905,44.4309,42.1333,0.0018,1.94,1.59,2.4741,1775608588156316588
gestureclass,no_sharing,178.1491,55.2011,52.594,51.5709,0.002,0.6802,1.7102,2.6071,1775608588425301532
gestureclass,no_sharing,178.1819,74.1715,51.1445,49.6058,0.0018,1.1748,22.1989,23.027,1775608588478543893
gestureclass,no_sharing,178.6105,59.8264,57.1371,45.105,0.0018,11.6444,1.8439,2.6893,1775608588886785522
gestureclass,no_sharing,178.6931,45.4776,42.6954,41.8789,0.0014,0.5466,1.4508,2.7822,1775608588968987347
gestureclass,no_sharing,178.7378,75.5093,72.8173,49.9222,0.0015,22.616,1.7657,2.692,1775608589014031488
gestureclass,no_sharing,178.7578,250.2627,194.2294,48.4583,0.0013,48.4849,55.254,56.0333,1775608589087552612
gestureclass,no_sharing,178.7586,249.6665,194.2294,48.4583,0.0013,48.4849,54.4317,55.437,1775608589087552612
gestureclass,no_sharing,178.8074,201.1251,194.2294,48.4583,0.0013,48.4849,5.7063,6.8957,1775608589087552612
gestureclass,no_sharing,179.0852,110.3518,107.958,42.8952,0.0014,64.7345,1.5996,2.3938,1775608589361332305
gestureclass,no_sharing,179.3072,45.4388,43.0655,42.1305,0.0015,0.6308,1.4818,2.3732,1775608589583199488
gestureclass,no_sharing,179.3219,126.7624,95.2573,39.7089,0.0013,27.6116,30.5452,31.5051,1775608589626962722
gestureclass,no_sharing,179.3246,124.2409,95.2573,39.7089,0.0013,27.6116,27.8585,28.9836,1775608589626962722
gestureclass,no_sharing,179.3609,162.2415,73.797,41.7664,0.0014,31.7901,87.5525,88.4444,1775608589722973593
gestureclass,no_sharing,179.6026,57.7054,55.4145,36.8696,0.0014,18.2937,1.4811,2.2909,1775608589878600629
gestureclass,no_sharing,179.8088,49.6814,47.1555,46.1924,0.0016,0.6356,1.5879,2.5259,1775608590084855741
gestureclass,no_sharing,179.8375,73.7932,52.1694,39.5408,0.0014,12.3041,20.726,21.6238,1775608590132707154
gestureclass,no_sharing,180.0345,44.6272,42.1219,41.2948,0.0015,0.5537,1.5936,2.5053,1775608590310541727
gestureclass,no_sharing,180.0602,58.2542,38.6269,37.8081,0.0014,0.5104,18.6884,19.6274,1775608590353354660
gestureclass,no_sharing,180.3464,39.4344,37.0348,36.2205,0.0014,0.5209,1.466,2.3996,1775608590622384065
gestureclass,no_sharing,180.4637,49.3574,47.0331,43.5835,0.0017,3.1549,1.4923,2.3243,1775608590739667215
gestureclass,no_sharing,180.7564,54.848,52.4119,43.7034,0.0018,8.3334,1.5781,2.436,1775608591032420041
gestureclass,no_sharing,180.7671,113.7669,68.7224,47.9778,0.0016,10.1771,43.9878,45.0445,1775608591085520859
gestureclass,no_sharing,180.7872,93.622,68.7224,47.9778,0.0016,10.1771,23.8194,24.8996,1775608591085520859
gestureclass,no_sharing,181.1894,59.5601,56.832,53.1378,0.0031,3.1878,1.7223,2.728,1775608591465576603
gestureclass,no_sharing,181.2448,52.1317,47.2634,46.3153,0.0019,0.6397,3.9427,4.8682,1775608591523271895
gestureclass,no_sharing,181.4463,77.436,74.9603,46.956,0.0017,27.6892,1.6356,2.4757,1775608591722410883
gestureclass,no_sharing,181.5134,61.8012,50.8418,49.8691,0.0017,0.6249,10.0579,10.9594,1775608591797952328
gestureclass,no_sharing,181.69,45.258,42.8429,42.0182,0.0015,0.5436,1.5147,2.4151,1775608591965974245
gestureclass,no_sharing,181.7654,57.0819,54.6197,39.083,0.0016,15.2484,1.5559,2.4623,1775608592041482329
gestureclass,no_sharing,181.9181,37.333,34.9562,34.2272,0.0013,0.4849,1.4648,2.3769,1775608592194026668
gestureclass,no_sharing,181.9514,40.5746,36.0199,35.2436,0.0013,0.493,3.7241,4.5547,1775608592229598137
gestureclass,no_sharing,182.6273,50.962,48.2821,47.2639,0.0018,0.6359,1.7626,2.6799,1775608592903508082
gestureclass,no_sharing,182.9129,59.9151,57.2798,46.2756,0.0016,10.6389,1.6901,2.6352,1775608593189040314
gestureclass,no_sharing,182.9296,137.1822,93.3735,46.2172,0.0015,46.2885,42.8429,43.8087,1775608593246948311
gestureclass,no_sharing,183.1283,38.0526,35.8098,35.0885,0.0012,0.4854,1.4427,2.2427,1775608593404237616
gestureclass,no_sharing,183.1609,81.439,75.2914,33.8192,0.0013,41.1553,5.2707,6.1477,1775608593440676551
gestureclass,no_sharing,183.2814,70.1222,67.7994,46.4363,0.0016,21.081,1.4513,2.3228,1775608593557379656
gestureclass,no_sharing,183.3705,75.712,73.4112,34.0914,0.0014,39.0387,1.2348,2.3008,1775608593646168493
gestureclass,no_sharing,183.7177,53.5753,51.1385,49.7748,0.0026,0.9282,1.5492,2.4367,1775608593993712569
gestureclass,no_sharing,183.8005,73.1766,70.5115,69.0081,0.0027,1.0266,1.6341,2.6651,1775608594076574119
gestureclass,no_sharing,183.8052,214.3617,145.0758,68.8146,0.0025,25.2301,68.2342,69.2859,1775608594147909802
gestureclass,no_sharing,183.82,199.8367,145.0758,68.8146,0.0025,25.2301,53.4654,54.7609,1775608594147909802
gestureclass,no_sharing,183.8617,158.1287,145.0758,68.8146,0.0025,25.2301,11.7373,13.0529,1775608594147909802
gestureclass,no_sharing,184.1803,71.4388,68.9053,65.3592,0.0025,3.0911,1.5845,2.5335,1775608594456325290
gestureclass,no_sharing,184.5125,46.0143,43.6662,42.7199,0.0018,0.6105,1.4663,2.3481,1775608594788485909
gestureclass,no_sharing,184.5618,45.7163,43.3458,41.8217,0.0016,0.6148,1.5316,2.3705,1775608594837781384
gestureclass,no_sharing,185.006,61.5563,59.0029,44.5479,0.0016,14.1092,1.647,2.5534,1775608595282102561
gestureclass,no_sharing,185.0666,53.4756,51.0816,42.0361,0.0017,8.7479,1.4853,2.394,1775608595342550193
gestureclass,no_sharing,185.3152,84.219,81.5964,79.7647,0.0031,1.2185,1.6265,2.6226,1775608595591345648
gestureclass,no_sharing,185.5258,60.2877,57.7225,51.074,0.002,6.3011,1.6613,2.5653,1775608595801905603
gestureclass,no_sharing,186.5761,59.3798,56.8707,42.4822,0.0018,14.0408,1.6067,2.5091,1775608596852166207
gestureclass,no_sharing,186.9258,64.2533,61.8015,44.636,0.0016,16.8132,1.6506,2.4518,1775608597201976765
gestureclass,no_sharing,186.9963,40.9744,38.6975,37.9249,0.0014,0.5134,1.5385,2.2769,1775608597272313391
gestureclass,no_sharing,187.0624,38.4588,36.4385,35.6194,0.0013,0.5605,1.256,2.0203,1775608597338180104
gestureclass,no_sharing,187.0969,62.032,57.3681,34.5789,0.0013,22.4821,3.8731,4.6639,1775608597375269522
gestureclass,no_sharing,187.2422,70.0352,67.5083,45.0093,0.0017,22.1657,1.5759,2.5269,1775608597518239304
gestureclass,no_sharing,187.2469,135.6447,69.6921,44.2149,0.0013,25.183,65.0666,65.9525,1775608597586418668
gestureclass,no_sharing,187.3934,59.4671,57.1196,37.8721,0.0013,19.0129,1.4787,2.3475,1775608597669359310
gestureclass,no_sharing,187.5218,80.5981,78.1222,36.7848,0.0014,41.059,1.7729,2.4759,1775608597798055056
gestureclass,no_sharing,188.157,104.8217,102.5766,39.9728,0.0015,62.251,1.4529,2.2451,1775608598432886799
gestureclass,no_sharing,188.453,84.7731,82.2832,78.5465,0.0033,3.1125,1.7099,2.4899,1775608598729226941
gestureclass,no_sharing,188.5803,63.5064,61.2971,60.232,0.0017,0.678,1.4486,2.2093,1775608598856209129
gestureclass,no_sharing,188.6182,84.0263,57.8156,44.9731,0.0017,12.4459,25.4791,26.2107,1775608598918162068
gestureclass,no_sharing,189.3686,82.6981,80.3121,49.4084,0.0016,30.571,1.5543,2.386,1775608599644612444
gestureclass,no_sharing,190.2548,44.0211,41.8362,40.5155,0.0017,0.9502,1.4086,2.1849,1775608600530677997
gestureclass,no_sharing,190.4201,102.6099,100.6836,43.782,0.0015,56.5724,1.3206,1.9262,1775608600695943443
gestureclass,no_sharing,190.5013,109.7057,87.6501,41.857,0.0014,45.4846,21.3485,22.0556,1775608600797172509
gestureclass,no_sharing,190.8125,57.7753,55.4085,46.0825,0.0022,8.9852,1.5383,2.3668,1775608601088517057
gestureclass,no_sharing,190.9813,55.3691,53.1197,36.9493,0.0015,15.9071,1.4796,2.2494,1775608601257240152
gestureclass,no_sharing,191.3327,41.9719,39.8559,38.4696,0.0015,1.0592,1.3912,2.116,1775608601608593407
gestureclass,no_sharing,191.4707,39.1247,37.0343,36.1907,0.0013,0.5235,1.3523,2.0904,1775608601746583190
gestureclass,no_sharing,191.524,37.7476,35.5889,34.8323,0.0015,0.5133,1.4362,2.1587,1775608601799933803
gestureclass,no_sharing,191.6263,39.3245,37.4045,34.5934,0.0014,2.5684,1.2794,1.92,1775608601902051572
gestureclass,no_sharing,191.7518,66.2949,63.5712,35.1915,0.0014,28.0857,1.7133,2.7237,1775608602028012651
gestureclass,no_sharing,191.8213,63.9458,61.4486,40.5578,0.0014,20.6191,1.7111,2.4971,1775608602097509820
gestureclass,no_sharing,191.9844,37.936,35.7057,34.9535,0.0013,0.497,1.4954,2.2303,1775608602260361136
gestureclass,no_sharing,192.2108,47.1749,44.8554,42.9475,0.002,0.7921,1.3621,2.3195,1775608602486627656
gestureclass,no_sharing,192.356,48.053,45.5308,42.585,0.0015,2.6533,1.6038,2.5222,1775608602632042667
gestureclass,no_sharing,192.8048,80.4431,78.0507,37.3468,0.0015,40.3615,1.5876,2.3924,1775608603080851937
gestureclass,no_sharing,192.9096,61.1024,58.885,33.4459,0.0013,25.1691,1.6644,2.2173,1775608603185707668
gestureclass,no_sharing,193.1358,43.319,40.8921,40.0617,0.0015,0.554,1.5972,2.4269,1775608603411898721
gestureclass,no_sharing,193.2621,49.1507,46.229,44.1877,0.0016,1.7231,1.8761,2.9217,1775608603538437920
gestureclass,no_sharing,193.6655,51.687,48.9914,47.3417,0.0018,1.3253,1.7135,2.6956,1775608603941742995
gestureclass,no_sharing,193.9776,39.5768,37.2571,36.4078,0.0014,0.5132,1.5762,2.3197,1775608604253637013
gestureclass,no_sharing,194.0214,39.7134,37.4868,36.7264,0.0014,0.5005,1.5152,2.2266,1775608604297369536
gestureclass,no_sharing,194.2085,73.9577,71.3049,56.5303,0.0033,14.1747,1.6239,2.6528,1775608604484573633
gestureclass,no_sharing,194.304,60.7204,58.1772,46.7476,0.0017,11.0339,1.6348,2.5432,1775608604580149623
gestureclass,no_sharing,194.4377,56.1116,53.9586,44.0224,0.0015,9.6188,1.3993,2.153,1775608604713547663
gestureclass,no_sharing,195.5727,59.6993,56.4248,55.34,0.002,0.7239,2.2862,3.2745,1775608605849474760
gestureclass,no_sharing,195.5733,108.2547,48.4731,47.4565,0.0018,0.6207,58.8651,59.7816,1775608605906697765
gestureclass,no_sharing,195.6346,90.7021,43.0933,42.1276,0.0016,0.6072,46.6886,47.6088,1775608605955781190
gestureclass,no_sharing,195.7986,80.3673,77.7214,76.5574,0.002,0.762,1.6909,2.6459,1775608606074742350
gestureclass,no_sharing,195.8563,96.6942,73.3918,68.6647,0.0026,4.1774,22.3749,23.3025,1775608606153203642
gestureclass,no_sharing,196.4413,49.2349,46.7504,45.7919,0.0022,0.6373,1.6389,2.4845,1775608606717374689
gestureclass,no_sharing,196.5705,46.015,43.5689,42.6446,0.0016,0.6194,1.5175,2.4462,1775608606846510217
gestureclass,no_sharing,196.6052,58.6524,46.8451,42.3694,0.0017,4.1104,11.0805,11.8073,1775608606890748230
gestureclass,no_sharing,196.6317,79.5879,46.8381,45.0837,0.0017,1.3957,32.0175,32.7499,1775608606938166905
gestureclass,no_sharing,196.674,87.3361,49.0064,47.8078,0.002,0.3845,37.2612,38.3296,1775608606985710612
gestureclass,no_sharing,196.6804,80.9715,49.0064,47.8078,0.002,0.3845,30.8733,31.9651,1775608606985710612
gestureclass,no_sharing,196.8055,74.3904,71.7319,69.8034,0.0034,1.3441,1.6298,2.6585,1775608607081643079
gestureclass,no_sharing,196.8163,159.5275,95.0704,93.5149,0.0025,0.493,63.3359,64.4571,1775608607154096109
gestureclass,no_sharing,196.8588,117.0588,95.0704,93.5149,0.0025,0.493,20.8428,21.9883,1775608607154096109
gestureclass,no_sharing,196.8881,152.8161,64.4708,61.3635,0.0016,2.7642,87.5504,88.3452,1775608607250155026
gestureclass,no_sharing,197.0651,60.8678,58.7518,57.6005,0.0021,0.7722,1.3554,2.1159,1775608607340905397
gestureclass,no_sharing,197.4845,46.0727,43.6257,42.0717,0.0018,1.1932,1.5483,2.447,1775608607760534238
gestureclass,no_sharing,197.5378,69.525,67.2171,65.7962,0.0025,0.9825,1.5345,2.3079,1775608607813811236
gestureclass,no_sharing,197.823,79.9072,77.4745,76.486,0.0017,0.6279,1.6479,2.4327,1775608608099157327
gestureclass,no_sharing,197.9752,65.2194,62.7995,61.3211,0.0023,1.0085,1.6012,2.4199,1775608608251242293
gestureclass,no_sharing,198.3049,84.7244,82.3212,64.9028,0.0022,16.9787,1.524,2.4033,1775608608580910401
gestureclass,no_sharing,198.3998,49.6953,47.3828,42.4889,0.0014,4.6523,1.5163,2.3124,1775608608675792072
gestureclass,no_sharing,198.5427,42.6128,40.2932,36.5949,0.0013,3.4304,1.4882,2.3196,1775608608818710242
gestureclass,no_sharing,198.9723,37.6208,35.0496,34.3007,0.0014,0.5024,1.8592,2.5711,1775608609248601130
gestureclass,no_sharing,198.9723,77.7671,39.471,38.664,0.0013,0.4978,37.5526,38.2961,1775608609284316542
gestureclass,no_sharing,199.03,54.6792,33.9943,33.2219,0.0013,0.5199,19.9139,20.6848,1775608609324407208
gestureclass,no_sharing,199.1019,35.9151,33.8343,33.0485,0.0013,0.5497,1.292,2.0808,1775608609377658235
gestureclass,no_sharing,199.3755,61.7437,59.3052,42.4581,0.0016,16.5129,1.6363,2.4385,1775608609651588926
gestureclass,no_sharing,199.4492,39.1486,36.9125,36.1449,0.0014,0.5072,1.4188,2.2361,1775608609725136722
gestureclass,no_sharing,199.5634,70.2715,67.6981,34.9594,0.0014,32.4861,1.8229,2.5734,1775608609839714570
gestureclass,no_sharing,199.6239,144.9747,134.1184,47.2783,0.0012,28.8357,9.6593,10.8563,1775608609908037812
gestureclass,no_sharing,199.6242,144.7136,134.1184,47.2783,0.0012,28.8357,9.378,10.5952,1775608609908037812
gestureclass,no_sharing,199.6256,143.2912,134.1184,47.2783,0.0012,28.8357,7.925,9.1728,1775608609908037812
gestureclass,no_sharing,200.0225,69.978,67.6613,61.0444,0.0014,5.8065,1.6086,2.3167,1775608610298559151
gestureclass,no_sharing,200.3666,52.7699,50.3791,40.707,0.0017,9.402,1.6017,2.3908,1775608610642660183
gestureclass,no_sharing,200.6796,65.9671,63.6854,62.2747,0.0022,0.9564,1.37,2.2817,1775608610955412318
gestureclass,no_sharing,200.7098,81.6185,45.187,43.8283,0.0019,0.937,35.4917,36.4316,1775608611019754111
gestureclass,no_sharing,201.0066,58.1584,55.7833,37.3813,0.0015,18.1464,1.5287,2.3751,1775608611282623217
gestureclass,no_sharing,201.091,46.783,44.5448,35.3914,0.0015,8.8966,1.4462,2.2382,1775608611366934234
gestureclass,no_sharing,201.2755,52.8636,50.0119,40.3599,0.0016,9.3602,1.8632,2.8517,1775608611551841159
gestureclass,no_sharing,201.3283,49.0141,46.5151,41.401,0.0019,4.7589,1.6005,2.499,1775608611604363661
gestureclass,no_sharing,201.3586,103.3661,83.6056,52.9582,0.0012,15.1565,18.4784,19.7606,1775608611651526773
gestureclass,no_sharing,201.3659,96.1711,83.6056,52.9582,0.0012,15.1565,11.1039,12.5656,1775608611651526773
gestureclass,no_sharing,201.6552,84.9612,81.7989,71.0645,0.0046,10.075,2.3406,3.1622,1775608611932008400
gestureclass,no_sharing,201.7606,90.6308,88.4678,60.7808,0.0017,27.3058,1.44,2.163,1775608612036493221
gestureclass,no_sharing,202.5278,67.688,65.4378,64.5205,0.0018,0.5499,1.4956,2.2502,1775608612803771271
gestureclass,no_sharing,202.7224,67.224,64.9058,63.1496,0.0036,1.2271,1.2982,2.3182,1775608612998133669
gestureclass,no_sharing,202.7419,144.4831,96.1644,70.457,0.0025,25.1993,47.5912,48.3186,1775608613063937106
gestureclass,no_sharing,202.9663,68.1927,65.9247,64.5721,0.0018,1.0007,1.446,2.2681,1775608613242238159
gestureclass,no_sharing,203.3446,63.1926,60.8423,48.6408,0.0023,11.7406,1.5767,2.3503,1775608613620649898
gestureclass,no_sharing,203.3553,130.7783,77.5473,65.6544,0.0017,11.4956,52.4766,53.231,1775608613682233043
gestureclass,no_sharing,203.7291,72.5789,70.3537,68.8684,0.0024,0.96,1.2703,2.2252,1775608614004879692
gestureclass,no_sharing,203.761,89.8225,48.4828,47.4917,0.0017,0.6218,40.431,41.3398,1775608614075952450
gestureclass,no_sharing,203.9501,54.446,51.9452,50.8844,0.0016,0.7223,1.6558,2.5008,1775608614226266682
gestureclass,no_sharing,204.2816,87.63,85.275,52.2502,0.0023,32.561,1.5867,2.355,1775608614557644071
gestureclass,no_sharing,204.2843,227.3893,141.6493,62.8644,0.0018,39.1487,84.8689,85.74,1775608614643642563
gestureclass,no_sharing,204.2965,215.1551,141.6493,62.8644,0.0018,39.1487,72.612,73.5058,1775608614643642563
gestureclass,no_sharing,204.6485,39.6197,37.4816,33.3167,0.0014,3.9112,1.3964,2.1381,1775608614924372005
gestureclass,no_sharing,204.8251,37.7052,35.5257,34.7663,0.0013,0.5043,1.3633,2.1795,1775608615100919140
gestureclass,no_sharing,205.0518,85.0594,82.9007,54.7868,0.0019,27.6729,1.4224,2.1587,1775608615327694199
gestureclass,no_sharing,205.1044,196.578,163.2684,63.737,0.0017,49.5167,32.3496,33.3096,1775608615411254341
gestureclass,no_sharing,205.1231,178.0534,163.2684,63.737,0.0017,49.5167,13.6628,14.785,1775608615411254341
gestureclass,no_sharing,205.1661,279.3126,143.5969,75.7267,0.0026,33.636,134.7802,135.7157,1775608615575388728
gestureclass,no_sharing,205.1876,258.0767,143.5969,75.7267,0.0026,33.636,113.3075,114.4798,1775608615575388728
gestureclass,no_sharing,205.6484,84.9614,82.8544,68.2101,0.0019,14.1955,1.3337,2.107,1775608615924174899
gestureclass,no_sharing,205.6788,106.0488,50.8606,49.3227,0.0026,1.0459,54.4419,55.1883,1775608616007708695
gestureclass,no_sharing,205.8514,46.7091,44.5924,43.6437,0.0017,0.6212,1.4365,2.1167,1775608616127361748
gestureclass,no_sharing,205.889,52.8767,42.9591,41.9383,0.0017,0.6526,9.171,9.9176,1775608616172620405
gestureclass,no_sharing,206.0881,84.8484,81.5975,63.9304,0.002,17.2993,2.619,3.2509,1775608616365234732
gestureclass,no_sharing,206.119,151.15,96.0207,45.3287,0.0017,25.1353,54.0359,55.1293,1775608616447567524
gestureclass,no_sharing,206.1225,147.7072,96.0207,45.3287,0.0017,25.1353,50.5707,51.6865,1775608616447567524
gestureclass,no_sharing,206.1724,187.7172,89.0216,85.2874,0.0033,3.1354,97.7328,98.6956,1775608616544610253
gestureclass,no_sharing,206.3394,107.0676,85.5577,83.6694,0.0034,1.2357,20.4768,21.5098,1775608616634313754
gestureclass,no_sharing,206.8036,57.7862,55.2161,48.1423,0.0018,6.6774,1.6396,2.5701,1775608617079766082
gestureclass,no_sharing,206.8793,46.7308,44.2229,43.2271,0.0017,0.6467,1.5714,2.5079,1775608617155320922
gestureclass,no_sharing,206.9789,102.6604,100.4941,50.0119,0.0018,50.1089,1.4949,2.1663,1775608617254868831
gestureclass,no_sharing,207.2394,43.983,41.0078,40.075,0.0017,0.596,2.2538,2.9752,1775608617516156501
gestureclass,no_sharing,207.4314,68.7003,66.3017,50.4444,0.002,15.5052,1.4575,2.3986,1775608617707317751
gestureclass,no_sharing,207.5344,75.0854,72.9689,43.5619,0.0017,29.0785,1.3623,2.1165,1775608617810266007
gestureclass,no_sharing,207.5675,93.5888,50.855,47.0347,0.0018,2.8779,41.9502,42.7339,1775608617883980394
gestureclass,no_sharing,207.974,71.4486,68.9598,50.6697,0.0021,17.9507,1.6127,2.4888,1775608618250139550
gestureclass,no_sharing,208.1425,96.2644,93.955,44.2149,0.0017,49.4274,1.4751,2.3094,1775608618418483972
gestureclass,no_sharing,208.3992,49.1476,46.9044,46.0311,0.0014,0.5622,1.492,2.2432,1775608618675219107
gestureclass,no_sharing,208.4119,76.0787,38.8622,38.0002,0.0015,0.5453,36.4554,37.2165,1775608618722789001
gestureclass,no_sharing,208.6162,48.0092,45.6785,44.7547,0.0017,0.581,1.5473,2.3306,1775608618892234401
gestureclass,no_sharing,208.6448,64.4755,44.3257,40.7359,0.0016,3.267,19.3739,20.1498,1775608618938606925
gestureclass,no_sharing,208.7568,64.3194,61.5408,60.1653,0.0024,0.9285,1.7748,2.7786,1775608619033099221
gestureclass,no_sharing,208.7915,85.7806,55.3375,46.7747,0.0017,8.1909,29.46,30.4431,1775608619095436711
gestureclass,no_sharing,208.9477,59.458,56.9484,38.0969,0.0012,18.5774,1.5073,2.5096,1775608619223736313
gestureclass,no_sharing,209.1187,42.3553,40.0049,38.0941,0.0013,1.6065,1.5147,2.3504,1775608619394663673
gestureclass,no_sharing,209.1363,61.8756,36.5751,35.7302,0.0012,0.5312,24.5497,25.3005,1775608619435313113
gestureclass,no_sharing,209.4032,68.6874,66.1184,51.6513,0.0014,14.1786,1.6341,2.569,1775608619679350356
gestureclass,no_sharing,209.6525,58.3258,55.8044,45.36,0.0013,10.1469,1.5459,2.5214,1775608619928500517
gestureclass,no_sharing,209.8504,55.7187,53.5016,38.8644,0.0012,14.3202,1.5593,2.217,1775608620126479560
gestureclass,no_sharing,209.9005,80.26,73.9017,39.0646,0.0011,34.4881,5.6319,6.3584,1775608620180651381
gestureclass,no_sharing,210.1941,38.1994,36.1838,35.4426,0.0011,0.498,1.2114,2.0156,1775608620469840988
gestureclass,no_sharing,210.2696,60.3247,57.9785,56.5922,0.002,0.9533,1.4238,2.3462,1775608620545460343
gestureclass,no_sharing,210.4673,93.8911,91.4836,44.7902,0.0012,46.4275,1.7493,2.4076,1775608620743552415
gestureclass,no_sharing,210.9677,83.7913,81.5556,45.9058,0.0013,35.3182,1.5306,2.2357,1775608621243685866
gestureclass,no_sharing,211.0057,83.533,37.1797,35.9168,0.0012,0.9993,45.6553,46.3534,1775608621325866138
gestureclass,no_sharing,211.4786,70.3342,67.1311,66.0221,0.0016,0.7108,2.0175,3.203,1775608621755142310
gestureclass,no_sharing,211.5128,84.5096,47.7454,46.2995,0.0013,1.0822,35.815,36.7642,1775608621823073334
gestureclass,no_sharing,211.8522,89.6966,86.9366,84.9663,0.0031,1.3473,1.6768,2.76,1775608622128341433
gestureclass,no_sharing,212.0857,52.33,49.636,48.5811,0.0015,0.6748,1.7028,2.694,1775608622361865532
gestureclass,no_sharing,212.2373,93.6184,90.8357,88.9019,0.0027,1.3603,1.6868,2.7827,1775608622513450982
gestureclass,no_sharing,212.5726,58.9619,56.4643,49.7605,0.0015,6.3209,1.72,2.4975,1775608622848760327
gestureclass,no_sharing,212.6785,59.835,57.4109,43.0516,0.0014,14.0557,1.5106,2.424,1775608622954532369
gestureclass,no_sharing,212.7543,76.3648,73.7522,72.101,0.0024,1.1287,1.5388,2.6126,1775608623030282085
gestureclass,no_sharing,212.8936,80.3766,77.739,73.1063,0.0024,4.0831,1.6949,2.6376,1775608623169756908
gestureclass,no_sharing,213.1776,57.7104,55.4776,42.6976,0.0017,12.4343,1.457,2.2328,1775608623453502988
gestureclass,no_sharing,213.2617,86.8492,84.3886,81.2481,0.0029,1.2768,1.4284,2.4606,1775608623537630174
gestureclass,no_sharing,213.4738,87.2717,84.9653,83.2128,0.0027,1.1448,1.477,2.3064,1775608623749802682
gestureclass,no_sharing,214.2875,73.8728,71.8038,41.5622,0.0014,29.8683,1.3123,2.069,1775608624563314301
gestureclass,no_sharing,215.0026,96.9727,94.7346,49.3637,0.0015,44.9567,1.4458,2.2381,1775608625278551671
gestureclass,no_sharing,215.0481,163.8973,111.858,57.5838,0.0013,26.9579,51.2972,52.0393,1775608625373905752
gestureclass,no_sharing,215.0792,132.8902,111.858,57.5838,0.0013,26.9579,20.1743,21.0322,1775608625373905752
gestureclass,no_sharing,215.1468,121.6888,55.485,42.56,0.0016,12.6083,65.3307,66.2039,1775608625486570847
gestureclass,no_sharing,215.3545,58.8651,56.3962,49.7542,0.0016,6.2941,1.5466,2.4689,1775608625630557555
gestureclass,no_sharing,215.5935,44.5735,42.1337,41.2686,0.0013,0.5749,1.5223,2.4398,1775608625869473871
gestureclass,no_sharing,216.1585,86.0806,83.7154,46.512,0.0012,36.9308,1.4379,2.3652,1775608626434431495
gestureclass,no_sharing,216.273,87.914,85.0369,78.2353,0.0105,6.1419,1.5087,2.877,1775608626548970680
gestureclass,no_sharing,216.5452,87.0209,84.0973,79.6834,0.003,2.6855,1.781,2.9236,1775608626821465408
gestureclass,no_sharing,216.5729,128.8707,68.9776,54.8893,0.0014,13.7234,59.0086,59.8931,1775608626906431685
gestureclass,no_sharing,216.7848,86.8912,84.2834,80.3286,0.0028,3.3572,1.647,2.6078,1775608627060924058
gestureclass,no_sharing,216.9428,53.7703,51.3271,46.2789,0.0016,4.7247,1.5414,2.4432,1775608627218817310
gestureclass,no_sharing,217.0118,46.6383,44.258,43.3161,0.0015,0.6302,1.471,2.3803,1775608627287728640
gestureclass,no_sharing,217.4655,72.9253,70.2686,52.7756,0.0015,17.1095,1.9476,2.6567,1775608627741884898
gestureclass,no_sharing,217.7607,47.3914,45.0553,44.0982,0.0015,0.6456,1.5273,2.3361,1775608628036691355
gestureclass,no_sharing,217.8413,49.0093,46.7327,44.6128,0.0014,1.7415,1.4362,2.2767,1775608628117176106
gestureclass,no_sharing,218.0161,77.4937,75.1031,51.6253,0.0017,23.0574,1.5395,2.3906,1775608628292110465
gestureclass,no_sharing,218.1721,60.0753,57.6792,48.357,0.0014,8.9196,1.5924,2.396,1775608628448165149
gestureclass,no_sharing,218.2184,61.2435,46.4938,45.0416,0.0014,1.1007,13.8011,14.7497,1775608628506679676
gestureclass,no_sharing,218.3545,48.3205,45.4579,44.5749,0.0014,0.5773,1.5984,2.8627,1775608628630619788
gestureclass,no_sharing,218.402,42.8379,40.3305,39.5211,0.0014,0.5497,1.5128,2.5074,1775608628678030908
gestureclass,no_sharing,218.4441,39.5672,37.3119,36.5368,0.0012,0.5256,1.3642,2.2553,1775608628719909077
gestureclass,no_sharing,218.5978,58.5799,56.2483,36.7365,0.0011,19.2658,1.4822,2.3316,1775608628873731851
gestureclass,no_sharing,218.6705,89.036,86.7097,41.4749,0.0012,44.9605,1.4272,2.3263,1775608628946403028
gestureclass,no_sharing,218.8696,81.7039,79.0863,44.0532,0.0014,34.7297,1.7653,2.6176,1775608629145824746
gestureclass,no_sharing,219.0853,70.4703,67.9968,49.7747,0.0015,17.897,1.6758,2.4735,1775608629361459108
gestureclass,no_sharing,219.7247,75.845,73.3678,69.0483,0.003,3.7094,1.5314,2.4772,1775608630000745817
gestureclass,no_sharing,220.0155,51.9514,49.2336,48.19,0.0015,0.6529,1.7867,2.7178,1775608630291768199
gestureclass,no_sharing,220.0817,48.0847,45.5851,44.6133,0.0014,0.6696,1.5767,2.4997,1775608630357719986
gestureclass,no_sharing,220.1796,51.3585,48.4756,47.2762,0.0015,0.8887,1.8973,2.8829,1775608630456011004
gestureclass,no_sharing,220.7379,84.6384,81.745,79.038,0.0028,2.1415,2.0492,2.8934,1775608631014460678
gestureclass,no_sharing,220.738,162.6716,77.4647,75.5851,0.0016,1.4634,84.4479,85.2068,1775608631096892530
gestureclass,no_sharing,221.1956,68.4004,65.8073,64.0392,0.003,1.2023,1.6,2.5931,1775608631471729850
gestureclass,no_sharing,221.735,87.5535,85.0647,83.2454,0.0026,1.2168,1.58,2.4888,1775608632011025494
gestureclass,no_sharing,221.8757,58.4197,55.9902,54.8818,0.0016,0.7144,1.6527,2.4295,1775608632151811716
gestureclass,no_sharing,222.2675,49.7367,47.399,46.3841,0.0015,0.6392,1.5314,2.3378,1775608632543547561
gestureclass,no_sharing,222.4522,48.9175,46.7575,45.7916,0.0014,0.6301,1.4341,2.16,1775608632728132265
gestureclass,no_sharing,222.4957,69.787,63.6005,44.4919,0.0015,18.7395,5.3864,6.1865,1775608632775566219
gestureclass,no_sharing,222.6185,44.744,42.5806,41.6381,0.0016,0.6268,1.4861,2.1634,1775608632894513956
gestureclass,no_sharing,222.7683,67.4927,64.7592,62.401,0.0019,1.0989,1.6708,2.7335,1775608633044410445
gestureclass,no_sharing,222.987,51.8577,49.6307,48.6607,0.0016,0.6599,1.4739,2.2271,1775608633262911251
gestureclass,no_sharing,223.4012,57.2288,54.4532,53.3381,0.0017,0.715,1.7774,2.7756,1775608633677411462
gestureclass,no_sharing,223.6429,57.653,54.9631,53.1452,0.0016,1.469,1.7416,2.6898,1775608633919118243
gestureclass,no_sharing,224.0081,82.5913,80.3347,77.3498,0.0024,2.4052,1.442,2.2566,1775608634284036145
gestureclass,no_sharing,224.4224,53.3247,51.034,47.1969,0.0015,3.5177,1.5504,2.2907,1775608634698407991
gestureclass,no_sharing,224.5618,48.4662,46.2008,43.6955,0.0015,2.1988,1.4648,2.2654,1775608634837759658
gestureclass,no_sharing,224.5664,126.8065,82.2108,43.0848,0.0013,38.7328,43.823,44.5957,1775608634884675015
gestureclass,no_sharing,224.6574,108.912,72.426,45.4016,0.0012,13.3285,35.6843,36.486,1775608634967574062
gestureclass,no_sharing,224.6752,91.1989,72.426,45.4016,0.0012,13.3285,17.8857,18.7729,1775608634967574062
gestureclass,no_sharing,224.7231,101.5763,57.595,49.6163,0.0018,7.5357,43.1988,43.9814,1775608635040826255
gestureclass,no_sharing,224.8744,60.4618,58.2698,56.2152,0.0019,1.6577,1.4288,2.192,1775608635150286948
gestureclass,no_sharing,225.0922,69.9127,67.9024,55.0818,0.0017,12.4429,1.2751,2.0103,1775608635367958284
gestureclass,no_sharing,225.237,78.11,75.6757,74.0752,0.0023,1.095,1.5039,2.4343,1775608635512945548
gestureclass,no_sharing,225.3349,82.6569,79.9657,49.2184,0.0014,30.377,1.8947,2.6911,1775608635611229124
gestureclass,no_sharing,225.8372,50.9663,48.51,47.4891,0.0015,0.6657,1.652,2.4563,1775608636113319829
gestureclass,no_sharing,226.051,67.9562,65.6669,45.6215,0.0014,19.7374,1.5011,2.2893,1775608636326972205
gestureclass,no_sharing,226.0932,97.2853,70.9053,51.3517,0.0014,19.1939,25.6464,26.38,1775608636393298198
gestureclass,no_sharing,226.2703,77.8418,75.3978,69.3932,0.0021,5.5073,1.5476,2.444,1775608636546350408
gestureclass,no_sharing,226.5243,73.638,71.4237,53.0688,0.0016,17.9862,1.4348,2.2142,1775608636800178927
gestureclass,no_sharing,226.5437,99.308,44.4624,42.7671,0.0014,1.3324,54.0395,54.8456,1775608636872254685
gestureclass,no_sharing,227.218,71.0654,68.4976,65.5381,0.0028,2.3676,1.6053,2.5678,1775608637494130163
gestureclass,no_sharing,227.5342,60.5819,58.3232,45.5131,0.0013,12.4488,1.5717,2.2587,1775608637810250577
gestureclass,no_sharing,227.6759,55.5084,53.4462,44.0202,0.0014,9.1312,1.4095,2.0622,1775608637951776577
gestureclass,no_sharing,227.958,54.2641,51.7707,46.7886,0.0014,4.6298,1.7276,2.4934,1775608638234230073
gestureclass,no_sharing,228.3951,53.4914,51.2346,46.9221,0.0013,3.9392,1.4935,2.2567,1775608638671034786
gestureclass,no_sharing,228.4006,105.0735,56.6899,38.3133,0.0011,18.0795,47.7412,48.3835,1775608638722836675
gestureclass,no_sharing,228.4711,73.0431,37.8013,37.0481,0.0011,0.5013,34.5693,35.2419,1775608638780128461
gestureclass,no_sharing,228.6173,39.7236,37.4998,36.7255,0.0012,0.5131,1.5092,2.2239,1775608638893332837
gestureclass,no_sharing,228.648,45.115,35.457,34.6576,0.0011,0.504,8.991,9.658,1775608638931464079
gestureclass,no_sharing,228.7143,39.7341,37.4485,36.5537,0.0014,0.6092,1.425,2.2856,1775608638990219370
gestureclass,no_sharing,228.9579,55.7208,53.4227,43.3787,0.0014,9.7399,1.451,2.2981,1775608639233838258
gestureclass,no_sharing,229.2517,91.3124,88.8232,44.7567,0.0014,43.1732,1.5953,2.4892,1775608639527758302
gestureclass,no_sharing,229.2804,120.3661,57.1526,38.1084,0.0011,18.746,62.3481,63.2135,1775608639617241622
gestureclass,no_sharing,229.7355,74.8434,72.5321,70.103,0.0018,2.0188,1.3864,2.3113,1775608640011390924
gestureclass,no_sharing,230.3562,104.6948,102.2633,50.1792,0.0014,51.697,1.6739,2.4315,1775608640632329978
gestureclass,no_sharing,230.3966,144.1495,79.3063,52.2038,0.0014,26.7453,64.1661,64.8433,1775608640735254466
gestureclass,no_sharing,230.6388,54.909,52.8,36.4521,0.0012,16.0974,1.4489,2.109,1775608640914766177
gestureclass,no_sharing,230.7428,53.2002,50.818,47.4877,0.0015,2.9946,1.5726,2.3823,1775608641018849754
gestureclass,no_sharing,231.4991,58.5346,56.3941,41.9937,0.0013,14.0458,1.44,2.1405,1775608641775070372
gestureclass,no_sharing,231.5754,59.1102,57.1531,37.8305,0.0013,19.0269,1.2562,1.9571,1775608641851173750
gestureclass,no_sharing,231.8048,88.1968,85.5689,83.5957,0.0031,1.3484,1.5669,2.6278,1775608642080817871
gestureclass,no_sharing,232.1048,55.4416,52.6489,51.0014,0.0015,0.6983,1.9002,2.7927,1775608642381200721
gestureclass,no_sharing,232.1273,132.8213,99.2325,43.6793,0.0014,55.2066,32.7358,33.5888,1775608642434532544
gestureclass,no_sharing,232.4379,72.9074,70.3749,68.7805,0.0023,1.0734,1.6136,2.5325,1775608642714040476
gestureclass,no_sharing,232.7956,93.2252,90.5963,88.645,0.0028,1.321,1.6596,2.6289,1775608643071715711
gestureclass,no_sharing,233.3233,43.3409,41.2337,40.2483,0.0013,0.6031,1.317,2.1072,1775608643599115484
gestureclass,no_sharing,233.4834,81.1136,78.7114,48.1905,0.0015,30.2034,1.72,2.4022,1775608643759622828
gestureclass,no_sharing,233.4922,120.5261,47.4971,46.5102,0.0014,0.6448,72.2075,73.029,1775608643838917964
gestureclass,no_sharing,233.8279,73.4756,70.9684,69.237,0.0025,1.2139,1.5469,2.5072,1775608644103965692
gestureclass,no_sharing,233.9036,54.0862,51.4214,50.3503,0.0016,0.7038,1.7145,2.6648,1775608644179817110
gestureclass,no_sharing,234.0222,56.1743,53.7212,48.5469,0.0015,4.7993,1.6043,2.453,1775608644298321657
gestureclass,no_sharing,234.7054,58.1214,55.7623,52.8403,0.0026,2.3817,1.5144,2.3592,1775608644981423908
gestureclass,no_sharing,235.1173,50.127,47.8321,46.32,0.0016,1.1363,1.5106,2.2949,1775608645393315360
gestureclass,no_sharing,235.1303,115.1545,77.1426,43.427,0.0014,33.352,37.056,38.0119,1775608645441832927
gestureclass,no_sharing,235.2191,172.7908,145.7462,87.0948,0.0024,29.0244,26.1612,27.0446,1775608645519781305
gestureclass,no_sharing,235.2378,154.1202,145.7462,87.0948,0.0024,29.0244,7.4768,8.374,1775608645519781305
gestureclass,no_sharing,235.428,81.3184,79.0293,77.2462,0.0026,1.1974,1.4534,2.2891,1775608645703901037
gestureclass,no_sharing,235.5671,89.2823,87.2101,78.7454,0.0025,7.8667,1.3833,2.0722,1775608645843005777
gestureclass,no_sharing,235.8418,50.2901,48.0209,47.0067,0.0014,0.651,1.4403,2.2692,1775608646117770280
gestureclass,no_sharing,235.8442,101.6259,53.1185,44.7659,0.0014,7.9974,47.7521,48.5074,1775608646166413217
gestureclass,no_sharing,236.0242,66.1917,63.9823,44.918,0.0014,18.758,1.4997,2.2093,1775608646300222430
gestureclass,no_sharing,236.3053,70.8854,68.3385,65.1453,0.002,2.7078,1.6282,2.5469,1775608646581369094
gestureclass,no_sharing,236.6503,99.6122,97.1792,51.6416,0.0013,45.1811,1.6265,2.433,1775608646926417536
gestureclass,no_sharing,236.695,183.5179,127.7586,48.4018,0.0012,39.5057,54.8015,55.7593,1775608647024286664
gestureclass,no_sharing,236.7337,144.9649,127.7586,48.4018,0.0012,39.5057,16.1009,17.2063,1775608647024286664
gestureclass,no_sharing,236.9245,57.8883,55.4667,46.372,0.0101,8.7762,1.5218,2.4216,1775608647200514649
gestureclass,no_sharing,236.9409,96.8871,54.6022,48.4091,0.0013,2.9158,41.2712,42.2849,1775608647256663484
gestureclass,no_sharing,236.9566,81.2201,54.6022,48.4091,0.0013,2.9158,25.583,26.618,1775608647256663484
gestureclass,no_sharing,237.1445,55.6364,53.6212,43.5474,0.0014,9.7698,1.2741,2.0152,1775608647420236695
gestureclass,no_sharing,237.2123,50.1173,47.9119,41.5826,0.0013,6.0297,1.4396,2.2054,1775608647488174003
gestureclass,no_sharing,238.6279,57.3447,54.6885,49.6984,0.0016,4.5261,1.7674,2.6562,1775608648904122590
gestureclass,no_sharing,238.7123,58.8329,56.3379,54.4402,0.0027,1.3519,1.5485,2.495,1775608648988289005
gestureclass,no_sharing,238.7983,43.3602,40.9124,40.0425,0.0012,0.5731,1.5614,2.4478,1775608649074333448
gestureclass,no_sharing,239.521,95.2401,93.0538,79.5963,0.0027,12.8727,1.4422,2.1863,1775608649796924261
gestureclass,no_sharing,239.6626,46.752,44.6967,40.2742,0.0013,4.0654,1.3793,2.0553,1775608649938427006
gestureclass,no_sharing,239.6849,116.1108,90.8986,45.831,0.0013,44.1156,24.3745,25.2122,1775608649983772992
gestureclass,no_sharing,239.7485,126.2441,73.0449,46.3059,0.0014,26.399,52.2485,53.1992,1775608650075239811
gestureclass,no_sharing,240.0097,77.9357,75.5054,43.5119,0.0013,31.6845,1.5512,2.4303,1775608650285697874
gestureclass,no_sharing,240.0778,120.5337,110.1184,51.6211,0.0013,58.1569,9.5556,10.4153,1775608650361826838
gestureclass,no_sharing,240.2737,84.9154,82.6756,46.2738,0.0013,36.1054,1.3785,2.2398,1775608650549521617
gestureclass,no_sharing,240.6835,56.1075,53.7041,44.4671,0.0015,8.9109,1.539,2.4034,1775608650959533717
gestureclass,no_sharing,241.0786,49.8464,46.9555,45.9326,0.0015,0.6706,1.6906,2.8909,1775608651354763360
gestureclass,no_sharing,241.1368,55.2053,52.569,43.1407,0.0013,9.0547,1.7178,2.6363,1775608651413012706
gestureclass,no_sharing,241.2378,84.8556,82.4215,80.5666,0.0026,1.3111,1.5011,2.4341,1775608651513801855
gestureclass,no_sharing,241.2585,121.9611,56.8852,51.2494,0.0015,5.2853,64.1131,65.0759,1775608651597101783
gestureclass,no_sharing,241.5572,77.5731,75.1972,49.687,0.0013,25.1827,1.4536,2.3759,1775608651833127113
gestureclass,no_sharing,241.9509,78.5754,75.929,74.2294,0.0025,1.1418,1.6682,2.6464,1775608652227095700
gestureclass,no_sharing,242.0021,86.5939,58.3981,56.6584,0.0015,1.317,27.2961,28.1958,1775608652303851017
gestureclass,no_sharing,242.0547,91.9871,57.4119,48.1766,0.0015,8.8639,33.6759,34.5753,1775608652362899553
gestureclass,no_sharing,242.3351,77.9445,74.9545,60.956,0.0018,13.5807,1.6761,2.9901,1775608652611210257
gestureclass,no_sharing,242.3548,108.2268,49.7331,47.944,0.0015,1.3694,57.6203,58.4937,1775608652686902349
gestureclass,no_sharing,242.4125,121.2277,69.9277,45.8423,0.0013,11.859,50.2703,51.3,1775608652737222804
gestureclass,no_sharing,242.4432,90.5311,69.9277,45.8423,0.0013,11.859,19.5334,20.6034,1775608652737222804
gestureclass,no_sharing,242.4772,134.6695,77.4107,45.354,0.0014,15.8413,56.2303,57.2588,1775608652807933828
gestureclass,no_sharing,242.5009,110.9664,77.4107,45.354,0.0014,15.8413,32.5046,33.5557,1775608652807933828
gestureclass,no_sharing,242.5676,118.6931,73.7189,43.6055,0.0014,29.7219,44.1325,44.9742,1775608652886170448
gestureclass,no_sharing,242.6385,136.7619,88.3234,46.8391,0.0013,41.1403,47.5309,48.4385,1775608652960466396
gestureclass,no_sharing,243.1243,56.8864,54.1888,51.169,0.0017,2.6819,1.7581,2.6977,1775608653400539297
gestureclass,no_sharing,243.3291,62.6504,60.0482,50.9201,0.0015,8.7996,1.6935,2.6023,1775608653605231652
gestureclass,no_sharing,243.8211,94.0988,91.2701,89.2912,0.0033,1.3256,1.7462,2.8287,1775608654097349878
gestureclass,no_sharing,243.9899,83.6096,80.973,51.9271,0.0015,28.6195,1.7133,2.6366,1775608654266053335
gestureclass,no_sharing,244.1259,66.2668,63.9659,47.6295,0.0014,16.0309,1.4505,2.3009,1775608654401879037
gestureclass,no_sharing,244.2004,48.4529,46.017,44.8747,0.0016,0.7794,1.4815,2.4359,1775608654476401777
gestureclass,no_sharing,244.812,91.3069,88.7686,46.1888,0.0013,42.1947,1.6787,2.5384,1775608655088116407
gestureclass,no_sharing,244.9175,59.9163,57.51,43.1553,0.0012,14.0859,1.514,2.4062,1775608655193450736
gestureclass,no_sharing,245.0857,39.2392,36.8471,36.0587,0.0011,0.5228,1.4939,2.3921,1775608655361640457
gestureclass,no_sharing,245.5601,68.7003,66.1701,43.4463,0.0014,22.3838,1.6198,2.5302,1775608655836187156
gestureclass,no_sharing,245.7814,94.9359,92.2124,88.9447,0.0032,2.6264,1.7025,2.7235,1775608656057548639
gestureclass,no_sharing,245.7871,184.1059,93.5912,91.6185,0.0029,0.6329,89.0393,90.5147,1775608656150620133
gestureclass,no_sharing,245.8622,109.0391,93.5912,91.6185,0.0029,0.6329,13.9477,15.4479,1775608656150620133
gestureclass,no_sharing,246.0452,74.9955,72.4278,50.8726,0.0014,21.1709,1.7347,2.5678,1775608656321458072
gestureclass,no_sharing,246.2889,61.5814,58.9759,49.3988,0.0015,9.2088,1.6508,2.6055,1775608656564994525
gestureclass,no_sharing,246.5043,79.3216,76.4377,63.4462,0.0015,12.6464,2.0299,2.8839,1775608656780765688
gestureclass,no_sharing,246.5064,141.2892,63.4517,47.4135,0.0014,15.6449,77.0783,77.8375,1775608656857936063
gestureclass,no_sharing,246.8009,51.0807,48.6757,45.6211,0.0014,2.7094,1.5743,2.405,1775608657076943091
gestureclass,no_sharing,247.038,53.4654,51.1673,45.0446,0.0015,5.7843,1.4873,2.298,1775608657313928199
gestureclass,no_sharing,247.0596,122.4279,90.1662,48.5208,0.0013,20.6285,31.5659,32.2618,1775608657365677652
gestureclass,no_sharing,247.0848,97.3725,90.1662,48.5208,0.0013,20.6285,6.3803,7.2064,1775608657365677652
gestureclass,no_sharing,247.2394,71.5098,68.1863,66.5895,0.0023,1.1227,2.4967,3.3235,1775608657516371372
gestureclass,no_sharing,247.4241,60.2019,58.0032,50.0163,0.0015,7.6283,1.4033,2.1986,1775608657699955320
gestureclass,no_sharing,247.7701,53.3323,50.7438,48.8406,0.0017,0.6638,1.6804,2.5885,1775608658046303225
gestureclass,no_sharing,247.9128,47.2023,44.8276,43.8909,0.0015,0.6403,1.4477,2.3747,1775608658188763263
gestureclass,no_sharing,248.0223,69.7377,67.3332,43.5624,0.0015,23.4052,1.4837,2.4045,1775608658298225941
gestureclass,no_sharing,248.1594,64.99,62.6441,42.1331,0.0011,20.2524,1.4756,2.3459,1775608658435341798
gestureclass,no_sharing,248.5443,56.6213,54.1646,40.2038,0.0012,13.6759,1.58,2.4567,1775608658820382620
gestureclass,no_sharing,248.693,70.0884,67.6945,40.758,0.0011,26.6856,1.4985,2.3939,1775608658969005149
gestureclass,no_sharing,248.8649,89.0093,86.4902,84.6333,0.0026,1.2513,1.543,2.5191,1775608659140920101
gestureclass,no_sharing,248.9641,60.7531,58.2778,45.4931,0.0013,12.4614,1.5962,2.4753,1775608659240178997
gestureclass,no_sharing,249.1889,50.3471,47.9584,42.5897,0.0014,5.0679,1.507,2.3887,1775608659464854449
gestureclass,no_sharing,249.397,60.1783,57.7684,46.9174,0.0014,10.4754,1.502,2.4099,1775608659673005024
gestureclass,no_sharing,249.4831,94.7137,92.3946,43.2356,0.0014,48.8666,1.4548,2.3191,1775608659758988255
gestureclass,no_sharing,249.8834,93.9851,91.4223,57.2754,0.0014,33.7854,1.7099,2.5628,1775608660159628155
gestureclass,no_sharing,250.7548,62.9866,60.4073,45.711,0.0012,14.3298,1.6403,2.5793,1775608661030967797
gestureclass,no_sharing,250.9291,53.6377,51.1681,50.1129,0.0016,0.72,1.5461,2.4696,1775608661205084002
gestureclass,no_sharing,250.9308,121.3312,68.7116,43.9356,0.0011,12.2252,51.5809,52.6196,1775608661256848371
gestureclass,no_sharing,250.9505,101.6233,68.7116,43.9356,0.0011,12.2252,31.8508,32.9117,1775608661256848371
gestureclass,no_sharing,251.4958,56.6897,54.0728,42.657,0.0013,11.1367,1.6983,2.6169,1775608661771939722
gestureclass,no_sharing,251.9243,76.051,73.7744,44.7358,0.0016,28.7295,1.4725,2.2766,1775608662200217900
gestureclass,no_sharing,251.9516,133.502,84.1,40.0972,0.0012,43.6884,48.5358,49.402,1775608662274584354
gestureclass,no_sharing,252.0745,61.3098,49.9269,39.8866,0.0011,9.7259,10.4456,11.3829,1775608662359450825
gestureclass,no_sharing,252.3842,57.0192,54.5252,51.6155,0.0017,2.5312,1.5738,2.494,1775608662660306550
gestureclass,no_sharing,252.663,55.8231,53.1539,51.4364,0.0016,1.3926,1.7159,2.6692,1775608662939231913
gestureclass,no_sharing,253.0541,94.7475,91.8993,89.9325,0.0029,1.3341,1.7459,2.8483,1775608663330280554
gestureclass,no_sharing,253.2723,106.6372,103.7858,52.183,0.0014,51.2835,1.977,2.8514,1775608663548791093
gestureclass,no_sharing,253.6461,65.7198,63.174,43.5438,0.0014,19.3156,1.6687,2.5458,1775608663922244697
gestureclass,no_sharing,253.7468,79.4585,77.0753,72.7004,0.0021,3.8926,1.478,2.3831,1775608664022734087
gestureclass,no_sharing,253.8222,61.3759,56.6872,46.0981,0.0014,10.1901,3.7951,4.6886,1775608664100524744
gestureclass,no_sharing,253.8474,81.0859,44.2749,43.2891,0.0015,0.6303,35.949,36.811,1775608664157858831
gestureclass,no_sharing,253.9874,53.7486,51.3879,43.2093,0.0015,7.8715,1.4863,2.3607,1775608664263346650
gestureclass,no_sharing,254.0439,62.5877,60.2339,46.8345,0.0015,13.0917,1.4904,2.3539,1775608664319919171
gestureclass,no_sharing,254.0694,106.6546,68.8163,47.1253,0.0015,21.295,36.9129,37.8383,1775608664380778245
gestureclass,no_sharing,255.2009,59.814,57.1837,55.2488,0.0033,1.2988,1.7116,2.6303,1775608665477081332
gestureclass,no_sharing,255.2596,79.3447,76.8648,68.3258,0.0017,8.152,1.4939,2.4799,1775608665535592085
gestureclass,no_sharing,255.2946,121.9063,76.995,53.5317,0.0014,23.0617,44.0269,44.9112,1775608665613143010
gestureclass,no_sharing,255.8511,97.9042,95.2977,45.7679,0.0015,49.2058,1.6613,2.6065,1775608666127263590
gestureclass,no_sharing,255.9621,78.6607,76.2904,50.0699,0.0014,25.8419,1.4977,2.3703,1775608666238090990
gestureclass,no_sharing,256.1558,93.3268,90.773,39.1348,0.0011,51.3762,1.5893,2.5538,1775608666431824663
gestureclass,no_sharing,256.5585,66.0276,63.5058,48.4012,0.0014,14.759,1.6444,2.5219,1775608666834639092
gestureclass,no_sharing,256.6788,44.3311,41.7844,40.9232,0.0012,0.5917,1.5841,2.5467,1775608666954888107
gestureclass,no_sharing,256.9152,94.6107,91.8864,89.9202,0.003,1.3387,1.7333,2.7243,1775608667191454908
gestureclass,no_sharing,256.981,96.7648,67.0765,56.4598,0.0014,10.1642,28.7445,29.6883,1775608667284212075
gestureclass,no_sharing,257.1706,47.5569,45.1058,42.5899,0.0014,2.1842,1.5576,2.4511,1775608667446633732
gestureclass,no_sharing,258.1476,72.3546,69.6423,50.1422,0.0017,18.4504,1.7369,2.7123,1775608668423846095
gestureclass,no_sharing,258.2312,76.5171,74.127,68.1644,0.0013,5.5977,1.5643,2.3901,1775608668507225916
gestureclass,no_sharing,258.3529,52.196,49.7683,42.9618,0.0014,6.4487,1.5824,2.4278,1775608668628985027
gestureclass,no_sharing,258.6226,51.8465,49.3212,47.2862,0.0016,1.7067,1.6139,2.5253,1775608668898660190
gestureclass,no_sharing,258.6846,46.7587,44.2745,42.4687,0.0013,1.453,1.5655,2.4842,1775608668960655638
gestureclass,no_sharing,259.1524,49.6278,46.9643,45.9746,0.0014,0.6558,1.708,2.6635,1775608669428605112
gestureclass,no_sharing,259.2232,69.2639,66.7993,64.1463,0.0025,2.1146,1.5302,2.4646,1775608669499251767
gestureclass,no_sharing,259.3963,46.3495,43.8241,42.9394,0.0013,0.5986,1.6291,2.5255,1775608669672397084
gestureclass,no_sharing,259.435,85.0227,76.5862,41.1074,0.0011,17.5778,7.5281,8.4365,1775608669717017124
gestureclass,no_sharing,259.4387,81.4784,76.5862,41.1074,0.0011,17.5778,3.8397,4.8921,1775608669717017124
gestureclass,no_sharing,259.6858,41.7767,39.4807,35.3298,0.0012,3.8031,1.4045,2.296,1775608669961647027
gestureclass,no_sharing,259.834,60.4563,58.0392,55.881,0.0019,1.7254,1.4858,2.4171,1775608670109974597
gestureclass,no_sharing,259.8387,120.0376,63.6843,45.7703,0.0012,17.5424,55.505,56.3533,1775608670168673620
gestureclass,no_sharing,259.9933,60.9334,58.5218,43.6694,0.0015,14.5442,1.5223,2.4116,1775608670269343089
gestureclass,no_sharing,260.0263,92.5202,63.8724,48.1126,0.0013,15.4174,27.7333,28.6478,1775608670328516775
gestureclass,no_sharing,260.4456,79.6716,77.228,53.6483,0.0014,23.2607,1.5202,2.4436,1775608670721645737
gestureclass,no_sharing,260.6517,47.0228,44.5678,43.5824,0.0014,0.6674,1.5295,2.455,1775608670927693308
gestureclass,no_sharing,260.7759,84.7406,82.2237,79.2432,0.0026,2.3997,1.5886,2.5169,1775608671051922196
gestureclass,no_sharing,260.9792,59.3224,56.9588,44.3974,0.0013,12.2292,1.5495,2.3635,1775608671255182784
gestureclass,no_sharing,261.1307,71.2087,68.4931,48.4336,0.0016,19.7553,1.7784,2.7156,1775608671407007623
gestureclass,no_sharing,261.6029,72.0882,69.5989,44.8208,0.0016,24.4167,1.5869,2.4894,1775608671878976932
gestureclass,no_sharing,261.6473,79.8507,51.5663,42.0241,0.0011,9.2345,27.3693,28.2844,1775608671949148567
gestureclass,no_sharing,262.2843,86.1049,83.6981,81.9193,0.0027,1.1993,1.5087,2.4067,1775608672560317818
gestureclass,no_sharing,262.3776,46.9527,44.6375,43.693,0.0013,0.6418,1.5395,2.3152,1775608672653647323
gestureclass,no_sharing,262.4106,62.7136,48.0919,43.2703,0.0015,4.5068,13.7174,14.6217,1775608672698762532
gestureclass,no_sharing,262.8377,92.0186,89.3703,83.4165,0.0026,5.3501,1.6835,2.6483,1775608673113910973
gestureclass,no_sharing,262.8979,98.2914,65.6525,53.5757,0.0014,11.6647,31.7037,32.6389,1775608673204047188
gestureclass,no_sharing,263.0773,45.6679,43.3233,41.0275,0.0014,1.9914,1.4083,2.3446,1775608673353172997
gestureclass,no_sharing,263.097,78.5494,51.8756,41.2131,0.0012,10.2759,25.7418,26.6738,1775608673397221488
gestureclass,no_sharing,263.3159,78.6881,76.3874,55.3935,0.0019,20.5735,1.4584,2.3007,1775608673591848960
gestureclass,no_sharing,263.5355,58.1563,55.8689,40.5319,0.0015,15.0052,1.4923,2.2873,1775608673811467397
gestureclass,no_sharing,263.6051,47.1089,44.7276,43.2175,0.0014,1.1812,1.4999,2.3813,1775608673881121041
gestureclass,no_sharing,263.7958,79.216,76.6808,73.8267,0.0025,1.2058,1.5545,2.5352,1775608674071834688
gestureclass,no_sharing,264.4938,59.9253,57.5104,44.6595,0.0015,12.4731,1.5943,2.4149,1775608674769842643
gestureclass,no_sharing,264.7191,68.8281,66.2752,59.5902,0.0024,6.1765,1.4865,2.5529,1775608674995087569
gestureclass,no_sharing,264.8901,59.1323,56.6627,43.8338,0.0014,12.5007,1.5354,2.4696,1775608675166124536
gestureclass,no_sharing,264.9238,156.8182,130.6238,51.2828,0.0013,26.3275,25.1701,26.1944,1775608675223476322
gestureclass,no_sharing,264.9422,138.7079,130.6238,51.2828,0.0013,26.3275,6.8021,8.0841,1775608675223476322
gestureclass,no_sharing,264.9439,137.0571,130.6238,51.2828,0.0013,26.3275,5.1317,6.4333,1775608675223476322
gestureclass,no_sharing,264.9861,140.0802,44.6124,43.556,0.0014,0.647,94.5632,95.4678,1775608675355121018
gestureclass,no_sharing,265.1221,49.3898,44.7572,43.7699,0.0015,0.6294,3.7425,4.6327,1775608675400334271
gestureclass,no_sharing,265.1273,98.0084,53.2196,43.3561,0.0014,9.5079,43.9487,44.7888,1775608675445747259
gestureclass,no_sharing,265.6329,106.7657,104.279,51.5379,0.0014,52.4371,1.662,2.4868,1775608675909050153
gestureclass,no_sharing,265.6447,183.9724,88.2437,86.171,0.0026,1.448,94.7704,95.7286,1775608676013917781
gestureclass,no_sharing,265.7387,175.5779,84.9099,81.8763,0.0027,2.3836,89.7543,90.668,1775608676102925979
gestureclass,no_sharing,266.1689,52.3667,49.9049,44.99,0.0015,4.5777,1.57,2.4619,1775608676444984917
gestureclass,no_sharing,266.3548,88.5284,85.3967,81.0529,0.0137,3.2792,1.5748,3.1317,1775608676630898900
gestureclass,no_sharing,266.4841,46.3996,43.4814,42.5286,0.0016,0.6264,2.0349,2.9182,1775608676760630773
gestureclass,no_sharing,266.8515,83.4763,80.9416,77.8411,0.0025,2.4784,1.6179,2.5347,1775608677127565219
gestureclass,no_sharing,267.1513,51.7433,49.207,48.0349,0.0016,0.7714,1.6823,2.5363,1775608677427465582
gestureclass,no_sharing,267.2272,71.5775,69.0801,65.3254,0.0014,3.432,1.4648,2.4975,1775608677503185835
gestureclass,no_sharing,267.8191,91.0385,88.3682,86.3765,0.0031,1.3282,1.6131,2.6703,1775608678095231192
gestureclass,no_sharing,268.1833,58.8305,55.5328,43.767,0.0014,11.3895,1.5991,3.2977,1775608678459425985
gestureclass,no_sharing,268.3064,87.4023,84.9562,82.881,0.0029,1.4457,1.5993,2.4461,1775608678582481392
gestureclass,no_sharing,268.5917,90.2197,87.6508,84.7252,0.0028,2.2815,1.7271,2.569,1775608678867893394
gestureclass,no_sharing,268.6667,71.3131,55.4812,52.0594,0.0014,3.0535,15.0378,15.832,1775608678956244401
gestureclass,no_sharing,268.7732,89.1168,86.6983,84.7226,0.0031,1.3064,1.4808,2.4186,1775608679049207327
gestureclass,no_sharing,268.9326,83.3478,81.2316,79.404,0.0026,1.2134,1.3278,2.1162,1775608679208446602
gestureclass,no_sharing,269.3345,59.6662,56.9258,54.9333,0.0016,1.5929,1.7507,2.7404,1775608679610711748
gestureclass,no_sharing,269.3743,74.1107,53.555,47.1245,0.0019,5.9395,19.6095,20.5558,1775608679668365963
gestureclass,no_sharing,269.4083,85.2304,44.7016,43.723,0.0015,0.6334,39.6721,40.5288,1775608679722504608
gestureclass,no_sharing,269.4656,73.8606,45.0787,43.7093,0.0014,1.0247,27.7145,28.782,1775608679767778630
gestureclass,no_sharing,269.5265,61.2352,47.6087,43.1712,0.0013,4.071,12.5563,13.6265,1775608679813501144
gestureclass,no_sharing,269.6278,56.6363,53.9225,45.4694,0.0014,8.1438,1.555,2.7138,1775608679903826395
gestureclass,no_sharing,269.684,50.5469,48.2194,47.2479,0.0014,0.6641,1.5585,2.3275,1775608679960046096
gestureclass,no_sharing,270.1893,95.742,93.4927,45.9271,0.0013,47.2459,1.3571,2.2493,1775608680465170397
gestureclass,no_sharing,270.4108,87.4867,84.8646,82.3878,0.0027,1.8787,1.615,2.6222,1775608680686946317
gestureclass,no_sharing,270.7657,58.8884,56.7393,43.9412,0.0014,12.4328,1.4782,2.1491,1775608681041612545
gestureclass,no_sharing,270.9641,55.4254,53.1013,46.1769,0.0014,6.5296,1.5917,2.3241,1775608681240158125
gestureclass,no_sharing,271.2926,47.4727,45.2024,43.5069,0.0015,1.327,1.4925,2.2703,1775608681568558504
gestureclass,no_sharing,271.4992,91.9995,89.9839,50.2908,0.0013,39.3904,1.2066,2.0156,1775608681774880846
gestureclass,no_sharing,272.1801,62.9065,60.2908,37.3611,0.0011,22.596,1.5082,2.6157,1775608682456074736
gestureclass,no_sharing,272.2472,98.5944,95.9116,76.9724,0.0025,18.3532,1.7185,2.6828,1775608682523389488
gestureclass,no_sharing,272.353,85.587,83.1921,79.8201,0.0026,2.7512,1.5359,2.3949,1775608682628990704
gestureclass,no_sharing,272.5388,55.2073,52.6942,51.5859,0.0015,0.7075,1.7116,2.5131,1775608682815009639
gestureclass,no_sharing,272.8884,80.9112,78.5021,51.5092,0.0015,25.9827,1.5559,2.4091,1775608683164449309
gestureclass,no_sharing,272.9317,82.3779,44.2311,43.2474,0.0014,0.6338,37.3716,38.1468,1775608683243558541
gestureclass,no_sharing,273.2884,51.9965,49.0985,48.0578,0.0015,0.6504,2.0058,2.898,1775608683564882932
gestureclass,no_sharing,273.3309,61.8913,51.7212,44.4273,0.0013,6.9198,9.2549,10.1701,1775608683614667338
gestureclass,no_sharing,273.4446,47.3132,44.7532,43.8154,0.0015,0.6402,1.6222,2.56,1775608683720689695
gestureclass,no_sharing,273.5078,59.8445,57.4787,43.4469,0.0015,13.7289,1.5004,2.3658,1775608683783765606
gestureclass,no_sharing,274.007,90.7519,88.6651,55.9696,0.0019,32.2829,1.4305,2.0868,1775608684282941665
gestureclass,no_sharing,274.262,65.6552,63.3381,43.1674,0.0014,19.8686,1.5628,2.3171,1775608684538092814
gestureclass,no_sharing,274.3339,49.0944,47.0045,44.7192,0.0013,2.0062,1.3316,2.0899,1775608684609669709
gestureclass,no_sharing,274.3384,87.126,41.9822,41.0025,0.0015,0.6266,44.3985,45.1438,1775608684657297593
gestureclass,no_sharing,274.5526,49.9477,47.6285,45.8649,0.0015,0.6417,1.5433,2.3192,1775608684828652836
gestureclass,no_sharing,274.5872,82.7839,66.8116,43.2335,0.0014,23.2195,15.2066,15.9723,1775608684876933562
gestureclass,no_sharing,274.6576,99.411,86.1303,47.8661,0.0014,37.9253,12.3343,13.2807,1775608684944394195
gestureclass,no_sharing,275.0198,60.0441,57.425,53.2239,0.0014,3.859,1.694,2.619,1775608685295948694
gestureclass,no_sharing,275.4027,85.3794,82.78,80.967,0.0028,1.196,1.6255,2.5993,1775608685678833312
gestureclass,no_sharing,275.4993,48.3756,45.9469,44.9396,0.0015,0.6415,1.5335,2.4288,1775608685775329690
gestureclass,no_sharing,275.501,91.7253,44.3901,43.3884,0.0014,0.638,46.4225,47.3352,1775608685821918348
gestureclass,no_sharing,275.681,54.6105,52.192,51.1637,0.0015,0.6813,1.5557,2.4185,1775608685957030656
gestureclass,no_sharing,275.9023,57.3962,54.7732,53.7028,0.0015,0.7054,1.7481,2.6229,1775608686178512579
gestureclass,no_sharing,275.9061,101.2518,46.9524,45.9267,0.0015,0.6354,53.4053,54.2995,1775608686233969282
gestureclass,no_sharing,276.0738,57.1301,55.047,40.1569,0.0012,14.5585,1.4336,2.0831,1775608686349721808
gestureclass,no_sharing,276.132,45.8791,43.7316,42.8486,0.0013,0.5998,1.3819,2.1475,1775608686407898640
gestureclass,no_sharing,276.2008,54.8577,52.6142,41.316,0.0015,10.9677,1.5657,2.2436,1775608686476826657
gestureclass,no_sharing,276.2316,110.2779,85.5354,43.1463,0.0013,42.0471,24.0221,24.7425,1775608686530066028
gestureclass,no_sharing,276.3588,102.608,100.6078,48.9351,0.0013,51.3891,1.2989,2.0002,1775608686634561378
gestureclass,no_sharing,276.4269,160.1892,124.9778,44.4038,0.0011,40.1296,34.3177,35.2114,1775608686735745420
gestureclass,no_sharing,276.4343,152.8103,124.9778,44.4038,0.0011,40.1296,26.9153,27.8326,1775608686735745420
gestureclass,no_sharing,276.8201,49.8791,47.8526,39.6504,0.0013,7.9137,1.2434,2.0265,1775608687095866854
gestureclass,no_sharing,276.8936,44.3463,42.3098,39.1959,0.0013,2.8282,1.2553,2.0365,1775608687169348144
gestureclass,no_sharing,277.1142,104.0521,101.9872,43.8894,0.0013,57.8043,1.3268,2.0648,1775608687389986672
gestureclass,no_sharing,277.2449,60.5855,58.602,56.5347,0.0018,1.6432,1.2169,1.9835,1775608687520632250
gestureclass,no_sharing,277.3497,69.418,67.001,65.3733,0.0022,1.1534,1.4753,2.417,1775608687625691022
gestureclass,no_sharing,277.3692,100.4996,49.8253,48.0649,0.0016,0.6892,49.7415,50.6743,1775608687693466791
gestureclass,no_sharing,277.669,55.4841,53.3656,43.5417,0.0014,9.5243,1.4677,2.1185,1775608687944903386
gestureclass,no_sharing,277.9774,73.7488,71.3617,45.8421,0.0014,25.1777,1.6148,2.3871,1775608688253466984
gestureclass,no_sharing,278.0303,83.4508,62.0303,46.8719,0.0014,14.8007,20.7033,21.4205,1775608688325503532
gestureclass,no_sharing,278.1578,46.84,44.6604,43.7239,0.0014,0.6378,1.4257,2.1796,1775608688433677043
gestureclass,no_sharing,278.2478,72.1643,69.7864,68.2452,0.0023,1.0457,1.4613,2.3779,1775608688523731232
gestureclass,no_sharing,278.4578,53.8154,51.3194,47.6764,0.0015,3.3269,1.6267,2.496,1775608688733928062
gestureclass,no_sharing,278.5198,47.6618,45.0435,44.061,0.0016,0.6622,1.6801,2.6182,1775608688795971245
gestureclass,no_sharing,278.8105,87.4779,85.0053,77.9607,0.0029,6.4595,1.5562,2.4726,1775608689086533344
gestureclass,no_sharing,279.0699,60.6742,58.0764,53.4981,0.0016,4.143,1.7128,2.5978,1775608689346122985
gestureclass,no_sharing,279.1468,60.9989,58.6002,44.7919,0.0013,13.5017,1.4815,2.3988,1775608689422756746
gestureclass,no_sharing,279.8196,49.3109,47.1335,42.8584,0.0015,3.9141,1.363,2.1775,1775608690095439482
gestureclass,no_sharing,280.0141,47.0297,44.6673,43.8167,0.0013,0.5507,1.5867,2.3624,1775608690290141375
gestureclass,no_sharing,280.13,46.8664,44.7904,40.9512,0.0012,3.552,1.3099,2.076,1775608690405779974
gestureclass,no_sharing,280.2922,42.3903,40.0975,39.2459,0.0012,0.5751,1.5306,2.2928,1775608690568219275
gestureclass,no_sharing,280.3692,48.2504,46.2342,40.1553,0.0013,5.7958,1.2624,2.0162,1775608690644993914
gestureclass,no_sharing,280.4472,72.0329,69.8595,37.3777,0.0012,32.2051,1.4274,2.1734,1775608690723132341
gestureclass,no_sharing,280.5519,84.568,82.3316,41.8707,0.0011,40.2074,1.5385,2.2364,1775608690827946925
gestureclass,no_sharing,281.0905,56.6182,54.1233,50.2073,0.0015,3.58,1.6863,2.4949,1775608691366627874
gestureclass,no_sharing,281.135,84.1007,71.4736,45.7488,0.0014,25.3511,11.8461,12.6272,1775608691421375747
gestureclass,no_sharing,281.3023,88.7287,86.284,76.1779,0.0026,9.5501,1.5845,2.4447,1775608691578383998
gestureclass,no_sharing,281.4851,38.2175,35.8981,35.0873,0.0012,0.4993,1.6723,2.3195,1775608691761300764
gestureclass,no_sharing,281.5646,88.0311,85.5605,36.5209,0.0011,48.7186,1.7581,2.4706,1775608691840879598
gestureclass,no_sharing,281.5675,144.0337,58.174,42.73,0.0011,15.1505,84.9817,85.8597,1775608691926996764
gestureclass,no_sharing,281.6986,53.1385,39.7008,35.5519,0.0013,3.8266,12.692,13.4377,1775608691985741480
gestureclass,no_sharing,281.7599,42.3439,40.345,39.4723,0.0014,0.5772,1.2364,1.9989,1775608692035583070
gestureclass,no_sharing,281.9403,50.3805,48.3475,40.0434,0.0014,8.0106,1.2758,2.033,1775608692216053974
gestureclass,no_sharing,282.113,93.4806,91.4302,51.0536,0.0012,40.0816,1.3332,2.0504,1775608692388788901
gestureclass,no_sharing,282.5406,49.9511,47.4471,43.3059,0.0015,3.8343,1.4861,2.504,1775608692816549425
gestureclass,no_sharing,283.0823,50.9183,48.5452,43.9265,0.0016,4.2851,1.5612,2.3732,1775608693358295985
gestureclass,no_sharing,283.4262,78.5644,76.1118,54.0424,0.0016,21.6632,1.7183,2.4526,1775608693702410458
gestureclass,no_sharing,283.4478,170.1565,112.7211,51.7144,0.0013,60.6837,56.7689,57.4354,1775608693779045177
gestureclass,no_sharing,283.5149,181.1776,77.8437,47.7561,0.0011,29.8109,102.7431,103.3339,1775608693892143231
gestureclass,no_sharing,283.6281,119.0209,50.3462,34.4288,0.0013,15.6089,67.991,68.6748,1775608693970554921
gestureclass,no_sharing,283.9903,48.197,46.3395,45.391,0.0016,0.6403,1.2209,1.8576,1775608694265958659
gestureclass,no_sharing,283.9929,85.911,39.7974,38.9001,0.0012,0.5975,45.3863,46.1136,1775608694312725641
gestureclass,no_sharing,284.0536,98.8419,73.3337,35.6458,0.0012,37.4004,24.9264,25.5082,1775608694353001046
gestureclass,no_sharing,284.1652,111.8891,110.0072,45.2491,0.0044,64.433,1.0271,1.8819,1775608694440728802
gestureclass,no_sharing,284.191,236.3057,148.6125,53.0508,0.0014,31.7305,85.7861,87.6932,1775608694551251367
gestureclass,no_sharing,284.1954,231.9379,148.6125,53.0508,0.0014,31.7305,81.3849,83.3254,1775608694551251367
gestureclass,no_sharing,284.1988,228.5573,148.6125,53.0508,0.0014,31.7305,77.9824,79.9449,1775608694551251367
gestureclass,no_sharing,284.5122,90.4279,88.1958,49.5356,0.0015,38.3001,1.5066,2.2321,1775608694788157048
gestureclass,no_sharing,284.6183,52.3205,50.5659,47.0969,0.0015,3.1221,1.121,1.7546,1775608694893860042
gestureclass,no_sharing,284.6558,60.2632,45.0636,43.4418,0.0015,0.6266,14.5309,15.1996,1775608694944835075
gestureclass,no_sharing,284.7923,51.6009,49.7258,48.7356,0.0016,0.6719,1.2522,1.8752,1775608695068051850
gestureclass,no_sharing,285.1248,113.3404,111.1261,54.0098,0.0016,56.8017,1.4174,2.2143,1775608695400667774
gestureclass,no_sharing,285.7274,76.9203,74.5721,72.6679,0.0028,1.2935,1.416,2.3482,1775608696003332278
gestureclass,no_sharing,285.7891,71.3675,55.4973,50.6416,0.0016,4.472,15.0506,15.8702,1775608696078660031
gestureclass,no_sharing,286.2493,91.1205,88.5125,86.5722,0.0027,1.3027,1.6477,2.608,1775608696525439262
gestureclass,no_sharing,286.2956,108.1941,62.758,54.8815,0.0015,7.4692,44.6103,45.4361,1775608696614740785
gestureclass,no_sharing,286.3871,87.24,70.0399,47.1705,0.0015,22.4813,16.5415,17.2001,1775608696678157855
gestureclass,no_sharing,286.5056,43.8468,41.707,40.7987,0.0014,0.6084,1.4086,2.1398,1775608696781491440
gestureclass,no_sharing,286.6375,46.4463,44.1505,43.194,0.0014,0.6508,1.4873,2.2959,1775608696913452710
gestureclass,no_sharing,286.8036,75.3374,73.5034,45.1049,0.0015,28.073,1.2157,1.834,1775608697079256632
gestureclass,no_sharing,286.8871,44.6062,42.7961,41.8679,0.0014,0.6345,1.1046,1.8101,1775608697162646201
gestureclass,no_sharing,286.9869,51.1615,49.0449,46.713,0.0016,2.0207,1.3454,2.1166,1775608697262694957
gestureclass,no_sharing,287.031,65.6118,57.935,45.9589,0.0015,11.6352,6.8126,7.6769,1775608697312260913
gestureclass,no_sharing,287.3567,84.4686,82.0833,56.1405,0.0018,25.5285,1.5373,2.3853,1775608697632751872
gestureclass,no_sharing,287.5405,69.3879,67.4729,49.9025,0.0016,17.1734,1.1508,1.915,1775608697816114862
gestureclass,no_sharing,288.6025,56.953,54.3516,53.2783,0.0017,0.6934,1.7772,2.6014,1775608698878760037
gestureclass,no_sharing,288.6667,49.9024,47.5125,46.3162,0.0015,0.8684,1.617,2.3899,1775608698942757796
gestureclass,no_sharing,288.7148,56.2363,53.3898,50.6423,0.0013,2.4242,1.6856,2.8464,1775608698990936081
gestureclass,no_sharing,288.7387,71.1825,38.5058,37.637,0.0012,0.5325,31.8055,32.6767,1775608699045007869
gestureclass,no_sharing,288.7703,75.949,35.7581,34.858,0.0012,0.5573,39.3913,40.1908,1775608699084144126
gestureclass,no_sharing,288.8604,79.7603,77.6629,36.7611,0.0012,40.6505,1.3802,2.0974,1775608699136214437
gestureclass,no_sharing,288.8969,123.2991,79.5871,43.2166,0.0011,36.0811,42.9342,43.712,1775608699214342738
gestureclass,no_sharing,289.2016,44.0118,41.8474,40.9279,0.0015,0.6263,1.3006,2.1645,1775608699477429518
gestureclass,no_sharing,289.6653,56.5166,54.1554,53.0989,0.0015,0.7056,1.704,2.3612,1775608699941534710
gestureclass,no_sharing,290.2533,90.807,88.205,81.4989,0.0026,6.0898,1.6384,2.602,1775608700529455774
gestureclass,no_sharing,290.3438,50.4291,48.0189,46.0675,0.0015,1.5731,1.581,2.4102,1775608700619855943
gestureclass,no_sharing,290.5383,57.0643,54.8867,40.4284,0.0014,14.0771,1.4312,2.1776,1775608700814188422
gestureclass,no_sharing,290.554,117.4555,75.3025,43.0386,0.0013,31.9277,41.2321,42.153,1775608700869677076
gestureclass,no_sharing,290.7532,63.3891,61.4815,54.1729,0.0017,6.9234,1.2336,1.9076,1775608701028955188
gestureclass,no_sharing,290.9157,61.9907,59.9203,58.6148,0.002,0.8869,1.3762,2.0704,1775608701191537232
gestureclass,no_sharing,291.0972,46.1934,44.3937,42.0683,0.0015,1.4014,1.1127,1.7997,1775608701372746747
gestureclass,no_sharing,291.1364,76.2126,68.9974,40.6007,0.0013,28.0963,6.6237,7.2152,1775608701417531163
gestureclass,no_sharing,292.1282,89.7083,87.4813,47.2609,0.0014,39.822,1.4074,2.227,1775608702404049987
gestureclass,no_sharing,292.2124,77.7242,71.6578,69.9119,0.0024,1.1974,5.1003,6.0664,1775608702491975775
gestureclass,no_sharing,292.594,81.8274,79.724,77.7984,0.0026,1.3332,1.2331,2.1034,1775608702869763029
gestureclass,no_sharing,292.9478,56.0074,53.998,45.9727,0.0017,7.6158,1.4327,2.0094,1775608703223702950
gestureclass,no_sharing,292.9674,104.6493,67.7043,45.2319,0.0013,22.122,36.3202,36.945,1775608703278241416
gestureclass,no_sharing,293.0195,183.1696,129.7776,53.7896,0.0012,37.8268,52.4313,53.392,1775608703346394897
gestureclass,no_sharing,293.0366,166.1,129.7776,53.7896,0.0012,37.8268,35.3391,36.3224,1775608703346394897
gestureclass,no_sharing,293.2148,50.2768,48.6315,43.1854,0.0015,5.1172,0.972,1.6453,1775608703490264634
gestureclass,no_sharing,293.3073,51.2133,49.3826,48.2986,0.0015,0.7369,1.1199,1.8307,1775608703582896611
gestureclass,no_sharing,293.4957,81.4364,79.4095,51.132,0.0016,27.9143,1.3118,2.0269,1775608703771530594
gestureclass,no_sharing,293.6286,57.1692,55.2669,54.1698,0.0017,0.7408,1.2093,1.9023,1775608703904282683
gestureclass,no_sharing,293.664,72.9859,50.6885,44.6506,0.0014,5.7141,21.6124,22.2973,1775608703960101533
gestureclass,no_sharing,294.3663,85.6974,83.2866,53.2769,0.0017,29.592,1.7703,2.4108,1775608704642589676
gestureclass,no_sharing,294.818,84.5468,82.5648,80.2685,0.003,1.6795,1.1981,1.982,1775608705093682902
gestureclass,no_sharing,295.2572,49.2163,47.1935,45.8635,0.0013,1.0197,1.2541,2.0228,1775608705532968915
gestureclass,no_sharing,295.3213,70.4575,68.2355,43.6564,0.0015,24.2687,1.2147,2.222,1775608705597013802
gestureclass,no_sharing,295.519,68.2743,66.4586,50.5718,0.0015,15.5839,1.2138,1.8157,1775608705794746466
gestureclass,no_sharing,295.6365,49.3004,47.4066,46.4348,0.0014,0.6553,1.2712,1.8939,1775608705912275965
gestureclass,no_sharing,295.6512,80.8368,45.6635,42.2029,0.0011,3.1386,34.5442,35.1732,1775608705960186047
gestureclass,no_sharing,295.706,106.1656,79.4209,76.4809,0.0027,2.3434,25.9027,26.7447,1775608706006347858
gestureclass,no_sharing,295.7767,150.0909,113.8912,83.9534,0.0024,14.6557,35.26,36.1998,1775608706086477257
gestureclass,no_sharing,295.7768,150.0597,113.8912,83.9534,0.0024,14.6557,35.213,36.1685,1775608706086477257
gestureclass,no_sharing,296.1174,55.6216,53.2541,45.9877,0.0013,6.8822,1.6601,2.3676,1775608706393523189
gestureclass,no_sharing,296.1782,57.4791,55.4694,41.3635,0.0013,13.7925,1.3433,2.0097,1775608706454000254
gestureclass,no_sharing,296.2468,84.2538,81.7878,61.5068,0.0019,19.859,1.5593,2.466,1775608706522890535
gestureclass,no_sharing,296.5018,80.8296,78.9828,47.2413,0.0015,31.4118,1.2083,1.8468,1775608706777492671
gestureclass,no_sharing,296.6416,63.1337,61.1827,45.4702,0.0015,15.3854,1.2424,1.951,1775608706917284533
gestureclass,no_sharing,296.8348,124.5766,122.6759,60.0021,0.0014,62.3302,1.1926,1.9006,1775608707110439813
gestureclass,no_sharing,296.8473,187.0003,74.5935,50.4146,0.0014,23.8403,111.7864,112.4068,1775608707233566877
gestureclass,no_sharing,297.0715,48.4684,46.6388,43.9023,0.0014,2.4103,1.1463,1.8296,1775608707347124174
gestureclass,no_sharing,297.5655,57.3812,55.4544,43.0786,0.0015,12.0421,1.272,1.9268,1775608707841282497
gestureclass,no_sharing,297.7717,65.6428,63.3108,59.9222,0.0019,2.9587,1.6587,2.3321,1775608708047830471
gestureclass,no_sharing,297.78,176.3597,118.3672,49.0553,0.0014,34.4732,57.2209,57.9925,1775608708111694447
gestureclass,no_sharing,297.8178,138.5326,118.3672,49.0553,0.0014,34.4732,19.3799,20.1655,1775608708111694447
gestureclass,no_sharing,297.8896,115.6352,48.3241,46.9467,0.0015,1.0051,66.6382,67.3111,1775608708230724439
gestureclass,no_sharing,298.168,53.9963,51.9645,44.0016,0.0014,7.5857,1.4067,2.0318,1775608708443842129
gestureclass,no_sharing,298.513,57.4372,55.7874,48.4153,0.0016,7.0153,1.0657,1.6498,1775608708788535608
gestureclass,no_sharing,298.8106,60.492,58.5777,45.6348,0.0014,12.5582,1.2584,1.9144,1775608709086343817
gestureclass,no_sharing,298.8553,90.9429,74.5901,43.4838,0.0014,30.762,15.6569,16.3527,1775608709145403131
gestureclass,no_sharing,299.2328,81.3172,79.0437,77.166,0.0028,1.2858,1.3559,2.2734,1775608709508677795
gestureclass,no_sharing,299.2884,80.3607,53.8291,52.5797,0.0015,0.8881,25.5249,26.5316,1775608709588373659
gestureclass,no_sharing,299.602,58.8202,56.7766,45.6976,0.0014,10.7646,1.338,2.0437,1775608709877842314
gestureclass,no_sharing,299.68,62.9206,60.9687,43.6676,0.0015,16.2861,1.0831,1.9519,1775608709955541282
gestureclass,no_sharing,299.9419,73.6465,63.7291,60.6985,0.0019,2.6105,9.2211,9.9174,1775608710225589190
heartrate,no_sharing,0.0004,376.528,371.6113,303.6004,0.0027,67.5565,3.6376,4.9167,1775608410278491423
heartrate,no_sharing,0.0338,611.959,267.8677,54.6997,0.0041,53.2009,342.679,344.0912,1775608410650953268
heartrate,no_sharing,0.051,594.7983,267.8677,54.6997,0.0041,53.2009,325.4938,326.9306,1775608410650953268
heartrate,no_sharing,0.0621,583.782,267.8677,54.6997,0.0041,53.2009,314.3399,315.9142,1775608410650953268
heartrate,no_sharing,0.3006,345.3262,267.8677,54.6997,0.0041,53.2009,75.8469,77.4585,1775608410650953268
heartrate,no_sharing,0.6105,92.0544,56.0736,48.064,0.0027,7.7224,35.0676,35.9808,1775608410920046958
heartrate,no_sharing,0.6911,67.0011,54.9165,43.5507,0.0021,11.1139,11.2126,12.0846,1775608410976752943
heartrate,no_sharing,0.9596,77.0812,74.8471,48.5405,0.0022,26.055,1.3695,2.2341,1775608411235457255
heartrate,no_sharing,0.9842,105.0954,51.9113,42.752,0.0022,8.9251,52.2604,53.1841,1775608411310916000
heartrate,no_sharing,1.1982,48.4669,46.0549,44.7701,0.0031,0.8988,1.4825,2.412,1775608411474186867
heartrate,no_sharing,1.3066,63.3538,60.9654,59.6912,0.0028,0.8965,1.4813,2.3884,1775608411582532237
heartrate,no_sharing,1.516,65.3327,63.0828,44.1436,0.0029,18.6448,1.451,2.2499,1775608411791908449
heartrate,no_sharing,2.1979,54.3432,51.9513,38.8012,0.002,12.8933,1.4594,2.3919,1775608412473844107
heartrate,no_sharing,2.3432,46.0501,43.5659,42.4073,0.002,0.8781,1.6038,2.4842,1775608412619291076
heartrate,no_sharing,2.5935,61.5952,59.2377,41.6611,0.002,17.3261,1.4746,2.3575,1775608412869450455
heartrate,no_sharing,2.8074,50.0026,47.5992,41.3526,0.0018,5.9924,1.5867,2.4033,1775608413083503000
heartrate,no_sharing,2.8091,130.038,80.9342,40.8208,0.0016,19.9558,48.173,49.1039,1775608413131751967
heartrate,no_sharing,2.8538,85.3853,80.9342,40.8208,0.0016,19.9558,3.4971,4.4512,1775608413131751967
heartrate,no_sharing,2.9298,63.9052,53.9935,34.9539,0.0016,18.8517,9.0775,9.9118,1775608413213357578
heartrate,no_sharing,3.1163,68.1124,65.6502,36.1328,0.0017,29.3132,1.3278,2.4621,1775608413392136599
heartrate,no_sharing,3.252,48.2554,46.1026,45.205,0.0023,0.6357,1.3061,2.1528,1775608413527799969
heartrate,no_sharing,3.9026,52.3915,50.0617,37.4131,0.002,12.3853,1.4453,2.3298,1775608414178559743
heartrate,no_sharing,4.0854,42.2332,39.9356,35.888,0.0018,3.7991,1.4927,2.2976,1775608414361376199
heartrate,no_sharing,4.4025,45.3525,42.5661,41.0338,0.0019,0.9038,1.5378,2.7864,1775608414678555483
heartrate,no_sharing,4.4443,83.4022,79.5028,39.7388,0.0017,39.5275,3.063,3.8993,1775608414721795799
heartrate,no_sharing,4.8634,81.3279,78.9434,49.4421,0.0022,29.189,1.5016,2.3845,1775608415139383108
heartrate,no_sharing,4.8691,132.7472,56.6457,40.3023,0.0019,16.0998,75.3012,76.1014,1775608415218857680
heartrate,no_sharing,4.9815,87.6937,66.7297,39.5347,0.0018,26.9693,20.0696,20.964,1775608415276034987
heartrate,no_sharing,5.0466,106.8265,83.7395,41.6156,0.0018,41.8948,22.2473,23.087,1775608415343308866
heartrate,no_sharing,5.3574,59.4618,57.422,43.2809,0.002,13.88,1.2257,2.0398,1775608415633084202
heartrate,no_sharing,5.4276,76.8273,74.4347,45.847,0.0024,28.3232,1.5066,2.3926,1775608415703596207
heartrate,no_sharing,5.5441,97.8854,95.693,44.3303,0.0019,51.0981,1.359,2.1923,1775608415819912415
heartrate,no_sharing,5.6472,79.5875,77.4029,45.3892,0.0022,31.7374,1.3261,2.1845,1775608415922961507
heartrate,no_sharing,5.6835,120.6713,76.9483,46.4149,0.0021,30.2775,42.9268,43.7229,1775608416000935685
heartrate,no_sharing,6.1031,82.3207,80.1827,43.9278,0.0019,36.0123,1.3723,2.138,1775608416378924423
heartrate,no_sharing,6.3786,97.1596,94.9027,46.7532,0.0021,47.8581,1.404,2.2569,1775608416654484381
heartrate,no_sharing,6.3873,173.4192,84.4679,42.0607,0.0026,42.159,88.1736,88.9513,1775608416749926799
heartrate,no_sharing,6.5379,67.05,43.6886,42.8454,0.0021,0.6033,22.5034,23.3614,1775608416834924955
heartrate,no_sharing,6.6519,60.1907,57.9086,43.131,0.0021,14.5271,1.425,2.2821,1775608416927851211
heartrate,no_sharing,6.7263,67.9739,65.8232,41.4061,0.0019,24.1524,1.3208,2.1506,1775608417002137612
heartrate,no_sharing,6.8485,54.6513,52.6935,42.4706,0.0021,9.9783,1.3244,1.9577,1775608417124326374
heartrate,no_sharing,6.8593,93.4892,48.7803,42.9922,0.0021,5.5416,43.8361,44.7088,1775608417177592815
heartrate,no_sharing,7.0384,61.0657,59.0104,41.1909,0.0019,17.5731,1.2708,2.0553,1775608417314162447
heartrate,no_sharing,7.0465,103.9829,50.3325,42.5638,0.0019,7.528,52.7732,53.6504,1775608417373804776
heartrate,no_sharing,7.2278,55.9392,53.6195,48.8587,0.0022,4.5003,1.4293,2.3197,1775608417503702496
heartrate,no_sharing,7.689,56.2553,53.9402,46.8176,0.0022,6.8505,1.4336,2.3151,1775608417964873284
heartrate,no_sharing,7.7174,114.4464,85.7335,47.1311,0.002,19.1649,27.6802,28.7129,1775608418019540141
heartrate,no_sharing,7.7403,91.4981,85.7335,47.1311,0.002,19.1649,4.7088,5.7646,1775608418019540141
heartrate,no_sharing,7.8262,48.1298,41.9816,41.1285,0.0019,0.6059,5.2915,6.1482,1775608418105967374
heartrate,no_sharing,8.0897,52.1381,49.8228,42.3761,0.002,7.1915,1.4315,2.3153,1775608418365606104
heartrate,no_sharing,8.3522,80.5702,78.4835,62.9074,0.003,15.161,1.327,2.0867,1775608418628032725
heartrate,no_sharing,8.3856,183.6104,135.5098,65.5208,0.0027,34.7937,47.0712,48.1007,1775608418707147643
heartrate,no_sharing,8.3872,182.0037,135.5098,65.5208,0.0027,34.7937,45.4409,46.494,1775608418707147643
heartrate,no_sharing,9.1565,46.8681,44.4373,43.5148,0.0021,0.6198,1.6172,2.4308,1775608419432577604
heartrate,no_sharing,9.4345,54.0237,51.6705,41.8723,0.002,9.5182,1.5106,2.3533,1775608419710533647
heartrate,no_sharing,9.6171,45.7888,43.4899,38.8723,0.002,4.3471,1.4141,2.2989,1775608419892997103
heartrate,no_sharing,9.7706,72.8118,70.3368,39.2609,0.0019,30.8148,1.4055,2.4751,1775608420046522084
heartrate,no_sharing,10.0302,73.6241,71.3845,38.7313,0.0018,32.4302,1.395,2.2397,1775608420306112377
heartrate,no_sharing,10.2175,61.769,59.5186,47.4643,0.0029,11.6628,1.4269,2.2504,1775608420493391647
heartrate,no_sharing,10.5431,44.5454,42.3078,41.4834,0.0019,0.581,1.4565,2.2376,1775608420819069619
heartrate,no_sharing,10.6927,71.4276,68.9945,49.3904,0.0023,19.2908,1.5614,2.4331,1775608420968721403
heartrate,no_sharing,10.7031,109.797,48.0173,44.5059,0.0019,1.631,60.746,61.7797,1775608421038313632
heartrate,no_sharing,10.7228,90.1232,48.0173,44.5059,0.0019,1.631,41.049,42.1058,1775608421038313632
heartrate,no_sharing,11.0641,55.7845,53.2605,52.1755,0.0114,0.7568,1.5028,2.524,1775608421340060625
heartrate,no_sharing,11.2554,51.1582,48.7171,44.7353,0.0021,3.686,1.6496,2.4411,1775608421531571346
heartrate,no_sharing,11.5549,44.2266,41.9421,41.1104,0.002,0.5969,1.4005,2.2846,1775608421830808021
heartrate,no_sharing,11.6238,40.4732,38.3196,37.2783,0.0018,0.8112,1.3144,2.1536,1775608421899646639
heartrate,no_sharing,11.9562,46.0491,43.6985,42.2115,0.0021,0.6348,1.4834,2.3506,1775608422232127662
heartrate,no_sharing,11.9919,52.834,41.9198,41.1674,0.0019,0.5478,10.0572,10.9143,1775608422276394862
heartrate,no_sharing,12.4008,49.5536,47.0432,46.1941,0.0023,0.5904,1.5881,2.5104,1775608422676902499
heartrate,no_sharing,12.4944,55.6266,53.1024,43.7347,0.002,9.1457,1.6499,2.5242,1775608422770536524
heartrate,no_sharing,13.0623,56.9792,54.5494,39.2136,0.0017,15.1175,1.5705,2.4298,1775608423338379017
heartrate,no_sharing,13.1412,76.1037,73.908,36.9514,0.0019,36.7127,1.4219,2.1957,1775608423417132157
heartrate,no_sharing,13.3271,38.7328,36.493,35.7891,0.0018,0.5064,1.3871,2.2398,1775608423602979213
heartrate,no_sharing,14.0831,78.5065,76.2882,74.6576,0.0037,1.148,1.3447,2.2183,1775608424358896542
heartrate,no_sharing,14.2415,48.4488,46.1168,41.2252,0.0021,4.6472,1.4663,2.332,1775608424517446371
heartrate,no_sharing,15.1075,46.6971,44.2998,43.3946,0.0022,0.6155,1.5824,2.3974,1775608425383522819
heartrate,no_sharing,15.2485,84.7783,82.5147,46.2556,0.0021,35.9845,1.4343,2.2636,1775608425524380371
heartrate,no_sharing,15.4562,43.7021,41.3835,40.6269,0.0021,0.553,1.4417,2.3186,1775608425732114665
heartrate,no_sharing,15.7962,79.6785,77.4416,38.7247,0.0018,38.4856,1.3974,2.2369,1775608426072120578
heartrate,no_sharing,16.1886,86.1745,83.9827,36.4426,0.0018,47.3085,1.364,2.1918,1775608426464409322
heartrate,no_sharing,16.4121,78.5253,76.3136,70.6081,0.0034,5.2585,1.3733,2.2117,1775608426687946250
heartrate,no_sharing,16.6403,53.993,51.859,38.0182,0.0018,13.5763,1.2937,2.1339,1775608426916037621
heartrate,no_sharing,16.7214,62.5637,60.3593,58.7697,0.0035,1.1339,1.3654,2.2044,1775608426997295267
heartrate,no_sharing,17.0618,41.6038,39.4295,38.5757,0.002,0.5861,1.3547,2.1743,1775608427337612136
heartrate,no_sharing,17.1787,86.7097,84.4713,43.0069,0.0019,41.219,1.3785,2.2384,1775608427454522190
heartrate,no_sharing,17.5028,52.3083,50.0694,41.2939,0.002,8.4973,1.3959,2.239,1775608427778639615
heartrate,no_sharing,17.5461,80.483,71.0087,43.127,0.0019,27.6376,8.7192,9.4743,1775608427829317842
heartrate,no_sharing,17.7606,75.9857,73.3833,71.1531,0.0036,1.7607,1.6434,2.6023,1775608428036748179
heartrate,no_sharing,17.9898,74.2395,71.8936,49.1254,0.0024,22.4948,1.4722,2.3459,1775608428265731846
heartrate,no_sharing,18.1387,51.585,49.4522,45.0872,0.002,4.125,1.3404,2.1327,1775608428414492050
heartrate,no_sharing,18.2031,91.8298,89.6465,48.9424,0.0027,40.3715,1.3306,2.1833,1775608428478942642
heartrate,no_sharing,18.2923,86.5252,83.1799,42.8421,0.0021,40.0893,2.4645,3.3453,1775608428569197661
heartrate,no_sharing,18.3656,69.7935,56.1206,44.465,0.0021,11.4109,12.7954,13.6728,1775608428652918969
heartrate,no_sharing,18.4325,47.0557,43.5845,42.7402,0.0021,0.6029,2.6219,3.4712,1775608428709600115
heartrate,no_sharing,18.8498,43.1247,40.9213,40.1692,0.0018,0.5376,1.3683,2.2034,1775608429125679671
heartrate,no_sharing,19.4025,49.0172,46.5192,43.1916,0.0022,3.0763,1.6408,2.498,1775608429678583773
heartrate,no_sharing,19.6934,42.9263,40.5369,37.9935,0.0017,2.2959,1.5261,2.3894,1775608429969413611
heartrate,no_sharing,19.8991,40.5209,38.2543,36.9255,0.0019,0.526,1.5042,2.2666,1775608430175079918
heartrate,no_sharing,19.9458,69.2272,66.8316,39.6322,0.0041,26.8763,1.2937,2.3957,1775608430221598719
heartrate,no_sharing,20.0758,57.6458,55.1129,35.4562,0.0017,19.4291,1.7719,2.5329,1775608430352049282
heartrate,no_sharing,21.0767,35.9981,33.766,33.0255,0.0018,0.4965,1.4131,2.2321,1775608431352594662
heartrate,no_sharing,21.3468,47.1632,44.9056,34.4902,0.0016,10.2101,1.4858,2.2577,1775608431622782790
heartrate,no_sharing,21.4542,43.961,41.7324,36.2195,0.0017,5.3066,1.3688,2.2286,1775608431730045021
heartrate,no_sharing,21.7003,48.4445,46.2141,42.6406,0.0034,3.1436,1.3435,2.2304,1775608431976112938
heartrate,no_sharing,21.9091,51.9624,49.5,48.5569,0.0022,0.6567,1.5972,2.4624,1775608432185151777
heartrate,no_sharing,22.2293,84.9509,82.4079,80.5454,0.0044,1.2909,1.5585,2.543,1775608432505338472
heartrate,no_sharing,22.6199,93.7645,91.3232,46.9613,0.0022,44.0988,1.5738,2.4413,1775608432895922503
heartrate,no_sharing,23.0469,82.6361,80.0827,77.4946,0.0038,2.0851,1.3909,2.5534,1775608433322814457
heartrate,no_sharing,23.8219,49.5813,47.2248,43.0096,0.0021,3.9655,1.4882,2.3565,1775608434097907362
heartrate,no_sharing,23.8603,87.0917,75.2929,43.2569,0.002,31.7753,10.9134,11.7988,1775608434145738502
heartrate,no_sharing,23.9669,45.1236,42.8128,41.9253,0.002,0.6164,1.4489,2.3107,1775608434242786497
heartrate,no_sharing,24.0312,51.4441,49.2267,41.9734,0.0021,6.9799,1.4157,2.2174,1775608434307085476
heartrate,no_sharing,24.2408,49.4719,47.1716,41.5521,0.0021,5.3492,1.4217,2.3002,1775608434516750549
heartrate,no_sharing,24.3338,46.7141,44.3827,40.9825,0.0017,3.1722,1.4424,2.3313,1775608434609725630
heartrate,no_sharing,24.4811,57.1437,54.9385,38.2982,0.0019,16.416,1.4269,2.2052,1775608434756994399
heartrate,no_sharing,24.5949,54.7936,52.6938,41.5139,0.0017,10.9509,1.3437,2.0998,1775608434870711253
heartrate,no_sharing,25.3748,42.028,39.6735,38.8558,0.0018,0.5636,1.5979,2.3545,1775608435650912326
heartrate,no_sharing,25.4801,44.1885,41.8618,40.5715,0.0018,1.023,1.4751,2.3267,1775608435756036558
heartrate,no_sharing,25.5525,42.7554,40.5295,39.7565,0.0019,0.539,1.3711,2.2258,1775608435828330281
heartrate,no_sharing,26.0356,84.0228,81.524,80.3348,0.003,0.838,1.5192,2.4988,1775608436311569847
heartrate,no_sharing,26.1136,71.5334,64.8809,59.6905,0.0022,4.9034,5.7755,6.6525,1775608436393870029
heartrate,no_sharing,26.8104,53.0627,50.7449,40.3685,0.002,10.1032,1.5829,2.3178,1775608437086451111
heartrate,no_sharing,27.1758,73.4208,71.6224,42.5965,0.0019,28.7827,1.0157,1.7983,1775608437451305992
heartrate,no_sharing,27.6878,50.9148,48.6376,39.7672,0.0019,8.6228,1.4515,2.2772,1775608437963769834
heartrate,no_sharing,28.0858,75.5606,73.5287,37.9883,0.0019,35.3117,1.4088,2.0319,1775608438361650425
heartrate,no_sharing,28.2908,52.5608,50.0786,40.8215,0.0021,8.9999,1.569,2.4822,1775608438566858091
heartrate,no_sharing,28.326,64.7788,46.8079,37.5614,0.0018,9.0391,17.1213,17.9709,1775608438617557063
heartrate,no_sharing,28.3939,72.264,70.0555,34.8189,0.0016,34.9888,1.3931,2.2085,1775608438669800074
heartrate,no_sharing,28.6152,41.4803,39.1554,37.893,0.0019,1.0543,1.436,2.3249,1775608438891085363
heartrate,no_sharing,28.6178,162.9221,123.3683,35.3595,0.0016,43.9018,38.584,39.5539,1775608438930894731
heartrate,no_sharing,28.6493,131.464,123.3683,35.3595,0.0016,43.9018,7.1032,8.0957,1775608438930894731
heartrate,no_sharing,28.8663,78.3942,76.3524,40.0058,0.002,36.0903,1.2438,2.0418,1775608439142062259
heartrate,no_sharing,28.8826,141.438,78.8205,35.6448,0.0017,42.9751,61.8412,62.6175,1775608439218930246
heartrate,no_sharing,28.9787,114.3267,68.3274,36.5817,0.0016,31.5473,45.1465,45.9993,1775608439298283448
heartrate,no_sharing,29.6415,50.1895,47.6754,46.7895,0.002,0.6223,1.5867,2.5141,1775608439917531758
heartrate,no_sharing,29.6662,68.7878,42.7143,40.5519,0.0018,1.9268,25.1722,26.0735,1775608439965865979
heartrate,no_sharing,29.7493,82.1586,79.6093,37.3459,0.0018,42.0472,1.7054,2.5493,1775608440025461225
heartrate,no_sharing,30.0195,44.3857,41.9389,36.363,0.0017,5.356,1.6243,2.4468,1775608440295567103
heartrate,no_sharing,30.3114,43.7341,41.2498,40.4685,0.0018,0.5619,1.5543,2.4843,1775608440587485831
heartrate,no_sharing,30.678,77.2009,74.8659,37.8519,0.0017,36.3242,1.4517,2.3349,1775608440953946258
heartrate,no_sharing,30.8245,41.8885,39.6009,33.4965,0.0016,5.8615,1.4253,2.2876,1775608441100416461
heartrate,no_sharing,30.9645,44.054,41.83,37.4191,0.0019,4.1806,1.41,2.224,1775608441240375887
heartrate,no_sharing,31.0554,38.5053,36.2079,35.4434,0.0016,0.521,1.4288,2.2975,1775608441331296755
heartrate,no_sharing,31.5765,49.0165,46.7714,39.068,0.0019,7.4512,1.4665,2.245,1775608441852400216
heartrate,no_sharing,31.6926,58.1462,55.8609,46.5536,0.0021,9.0303,1.4329,2.2853,1775608441968554772
heartrate,no_sharing,31.7744,49.8745,47.5333,46.4631,0.0085,0.7679,1.4188,2.3413,1775608442050309733
heartrate,no_sharing,31.7891,91.1722,55.4229,41.8958,0.0021,13.2671,34.9135,35.7493,1775608442098503007
heartrate,no_sharing,31.9634,62.7334,60.3627,39.1122,0.0019,20.9885,1.4932,2.3708,1775608442239425240
heartrate,no_sharing,32.0614,45.8665,43.6094,41.6743,0.0022,1.6888,1.3452,2.2571,1775608442337199859
heartrate,no_sharing,32.1028,56.1478,51.1394,41.4219,0.002,9.4771,4.1399,5.0084,1775608442381405520
heartrate,no_sharing,32.294,44.4114,42.1265,41.0663,0.002,0.8091,1.3618,2.285,1775608442569852373
heartrate,no_sharing,32.8295,72.1958,69.8476,43.7433,0.0021,25.8273,1.4982,2.3482,1775608443105475289
heartrate,no_sharing,32.9696,75.3109,72.031,39.3552,0.0018,32.4619,2.419,3.2799,1775608443246475505
heartrate,no_sharing,33.3138,82.6244,80.0218,39.1113,0.0019,40.6615,1.4091,2.6026,1775608443589679429
heartrate,no_sharing,33.7876,61.3899,59.132,36.1985,0.0018,22.6781,1.4188,2.2579,1775608444063477242
heartrate,no_sharing,34.2013,58.517,56.0785,44.2522,0.0037,11.3682,1.5039,2.4385,1775608444477268184
heartrate,no_sharing,34.5807,46.3789,43.8747,42.9341,0.0022,0.6572,1.5793,2.5042,1775608444856721415
heartrate,no_sharing,34.6164,51.6853,40.4497,39.6939,0.0019,0.5266,10.4222,11.2356,1775608444901282234
heartrate,no_sharing,34.741,45.9852,43.6201,37.0482,0.0019,6.3225,1.4689,2.3651,1775608445016909449
heartrate,no_sharing,34.8121,38.5342,36.3657,35.564,0.0018,0.5772,1.3406,2.1684,1775608445087970040
heartrate,no_sharing,35.3318,49.994,47.5422,46.6949,0.0021,0.6123,1.575,2.4517,1775608445607865398
heartrate,no_sharing,35.404,45.681,43.3117,42.4921,0.0021,0.5971,1.4966,2.3693,1775608445679996657
heartrate,no_sharing,35.508,76.8247,73.8411,45.2733,0.0021,28.3089,2.0866,2.9836,1775608445784602360
heartrate,no_sharing,36.0698,50.0705,47.6087,46.7523,0.002,0.6073,1.581,2.4618,1775608446345860516
heartrate,no_sharing,36.2577,54.6091,51.9692,47.3169,0.0021,4.3774,1.729,2.6399,1775608446533913263
heartrate,no_sharing,36.3013,63.6625,52.028,41.1138,0.0018,10.711,10.7658,11.6345,1775608446586538506
heartrate,no_sharing,36.4438,57.6761,55.3288,34.0778,0.0016,21.0295,1.4825,2.3473,1775608446719792598
heartrate,no_sharing,36.6273,40.0643,37.7918,37.0112,0.0018,0.556,1.4253,2.2726,1775608446903244385
heartrate,no_sharing,36.6474,57.1485,36.6571,35.9568,0.0016,0.4903,19.7251,20.4913,1775608446941655678
heartrate,no_sharing,36.7088,37.2,35.0556,34.2488,0.0019,0.5758,1.2684,2.1444,1775608446984548066
heartrate,no_sharing,36.7374,53.6621,44.4195,37.8847,0.0018,5.812,8.3401,9.2425,1775608447020249196
heartrate,no_sharing,36.9199,41.0781,38.8726,38.063,0.0019,0.5721,1.3862,2.2055,1775608447195724893
heartrate,no_sharing,37.2317,75.2945,73.0067,70.845,0.0042,1.6775,1.3549,2.2878,1775608447507539735
heartrate,no_sharing,37.3769,71.5435,69.2408,42.9371,0.0018,26.0253,1.4343,2.3027,1775608447652852847
heartrate,no_sharing,37.6863,51.3427,49.13,38.9969,0.002,9.8533,1.3671,2.2127,1775608447962146594
heartrate,no_sharing,38.198,42.9959,39.8969,39.0427,0.002,0.5934,1.4012,3.0991,1775608448473853465
heartrate,no_sharing,38.5185,80.3242,77.9253,68.9223,0.0024,8.6807,1.4927,2.3989,1775608448794501655
heartrate,no_sharing,38.52,170.8283,91.4417,51.4234,0.0018,39.7687,78.5923,79.3866,1775608448873066259
heartrate,no_sharing,38.6803,53.1917,42.0404,39.428,0.0019,2.3814,10.2651,11.1513,1775608448965026996
heartrate,no_sharing,38.8816,270.2689,71.4409,69.4719,0.0047,1.4633,1.5519,198.8281,1775608449157631332
heartrate,no_sharing,39.1504,118.8452,114.1506,46.8331,0.0026,66.2339,3.8435,4.6947,1775608449428681057
heartrate,no_sharing,39.1504,351.1341,231.6721,43.7512,0.002,62.5523,118.6957,119.462,1775608449543542348
heartrate,no_sharing,39.1504,351.2588,231.6721,43.7512,0.002,62.5523,118.69,119.5867,1775608449543542348
heartrate,no_sharing,39.1504,351.4075,231.6721,43.7512,0.002,62.5523,118.6848,119.7354,1775608449543542348
heartrate,no_sharing,39.709,54.9247,52.6025,40.9295,0.0021,11.3844,1.4882,2.3222,1775608449984933982
heartrate,no_sharing,40.5604,59.2313,56.9614,40.6823,0.002,16.0191,1.4911,2.2698,1775608450836411758
heartrate,no_sharing,40.9504,56.7594,54.4827,38.6688,0.0019,15.564,1.4074,2.2767,1775608451226316160
heartrate,no_sharing,41.1555,47.8718,45.4332,44.5352,0.0021,0.6338,1.5829,2.4387,1775608451431526812
heartrate,no_sharing,41.2115,49.3226,46.9249,43.7076,0.0019,2.9955,1.5147,2.3978,1775608451487529761
heartrate,no_sharing,41.2232,90.5023,52.307,36.0146,0.0019,16.0781,37.3428,38.1953,1775608451535067508
heartrate,no_sharing,41.6487,85.6676,83.3001,37.0464,0.0018,46.0196,1.4923,2.3675,1775608451924711880
heartrate,no_sharing,41.8704,94.3522,91.9157,39.0125,0.0021,52.6465,1.5402,2.4366,1775608452146472155
heartrate,no_sharing,42.2986,47.2274,44.68,43.1512,0.0021,1.2252,1.6272,2.5474,1775608452574695793
heartrate,no_sharing,42.831,89.4539,86.6828,48.076,0.0022,38.3186,1.9112,2.7711,1775608453107425230
heartrate,no_sharing,42.8316,168.0224,78.4921,44.9005,0.002,33.3431,88.69,89.5303,1775608453194738258
heartrate,no_sharing,43.1723,82.2799,79.9788,41.7417,0.0019,37.9532,1.4949,2.3011,1775608453448295432
heartrate,no_sharing,43.5542,87.3876,85.2688,35.6136,0.0017,49.4228,1.3611,2.1188,1775608453829998287
heartrate,no_sharing,43.628,106.2858,92.2539,38.1691,0.0017,53.8764,13.3188,14.0319,1775608453915784786
heartrate,no_sharing,43.6794,122.7851,67.3689,49.7398,0.0023,17.3268,54.6935,55.4162,1775608454008570633
heartrate,no_sharing,43.8835,56.505,54.2777,53.1391,0.0028,0.8182,1.3912,2.2273,1775608454159401984
heartrate,no_sharing,44.1556,85.7797,83.43,45.067,0.002,38.1038,1.4646,2.3497,1775608454431586010
heartrate,no_sharing,44.375,61.4524,59.0116,57.9924,0.0023,0.721,1.5466,2.4408,1775608454651027940
heartrate,no_sharing,44.3777,106.7047,47.3682,45.7648,0.002,1.3442,58.5105,59.3365,1775608454710735895
heartrate,no_sharing,45.04,69.4556,67.1404,43.4061,0.002,23.4574,1.4825,2.3152,1775608455315981475
heartrate,no_sharing,45.6398,45.3885,43.214,42.3117,0.0021,0.6116,1.4932,2.1745,1775608455915820873
heartrate,no_sharing,45.6914,43.0636,40.9036,40.1655,0.0016,0.5221,1.4365,2.16,1775608455967351408
heartrate,no_sharing,45.7367,58.881,56.7035,55.9502,0.0017,0.5404,1.3657,2.1776,1775608456012547100
heartrate,no_sharing,45.8893,42.5956,40.6963,38.0591,0.0018,2.4061,1.195,1.8993,1775608456164949571
heartrate,no_sharing,46.0329,65.973,63.5915,41.6888,0.0023,21.6571,1.5025,2.3815,1775608456308906028
heartrate,no_sharing,46.0475,121.8414,69.8957,35.1206,0.0017,34.5774,51.0981,51.9458,1775608456373106922
heartrate,no_sharing,46.1836,40.997,38.7317,33.5305,0.0017,4.9785,1.4539,2.2653,1775608456459508050
heartrate,no_sharing,46.2668,41.8012,39.6559,38.8353,0.002,0.5818,1.3409,2.1454,1775608456542601246
heartrate,no_sharing,46.4995,83.7891,81.4151,47.9919,0.0021,33.1631,1.4977,2.374,1775608456775500922
heartrate,no_sharing,46.7902,76.5316,74.1538,72.4668,0.0024,0.6964,1.4803,2.3778,1775608457066167386
heartrate,no_sharing,46.8534,66.5877,52.7446,45.4125,0.002,7.0793,12.9845,13.8431,1775608457140911004
heartrate,no_sharing,46.9009,75.2137,55.4967,41.0636,0.002,14.188,18.8551,19.717,1775608457194198492
heartrate,no_sharing,47.0311,53.7786,51.5321,41.2824,0.0022,9.9846,1.3998,2.2465,1775608457307013380
heartrate,no_sharing,47.357,65.6967,63.3081,46.401,0.0023,16.6229,1.55,2.3886,1775608457633038343
heartrate,no_sharing,47.6355,55.8989,53.6243,41.0326,0.0019,12.3266,1.452,2.2746,1775608457911392426
heartrate,no_sharing,47.8051,45.4409,43.1787,40.7356,0.0018,2.1839,1.4172,2.2622,1775608458081000253
heartrate,no_sharing,47.8168,76.5064,42.1202,41.2598,0.002,0.6028,33.5445,34.3862,1775608458124792426
heartrate,no_sharing,47.9305,46.5384,44.1898,43.3105,0.0021,0.6225,1.4598,2.3486,1775608458206446534
heartrate,no_sharing,48.1092,52.1853,49.9846,40.0957,0.0023,9.6231,1.3499,2.2007,1775608458385028019
heartrate,no_sharing,48.1784,55.4681,53.1447,39.0505,0.0019,13.8508,1.425,2.3234,1775608458454265552
heartrate,no_sharing,48.5317,65.4547,63.1263,37.4768,0.0019,25.4146,1.4544,2.3284,1775608458807611645
heartrate,no_sharing,48.6663,86.9737,84.5782,38.6642,0.0017,45.6917,1.5547,2.3955,1775608458942337307
heartrate,no_sharing,48.7806,106.946,105.0546,39.7438,0.0017,65.0827,1.1766,1.8914,1775608459056211296
heartrate,no_sharing,48.7873,161.5403,60.8302,34.8981,0.0018,25.7227,100.0545,100.7101,1775608459161855207
heartrate,no_sharing,49.0809,43.8509,41.5391,40.7627,0.0018,0.5649,1.4937,2.3118,1775608459356899069
heartrate,no_sharing,49.1045,73.6187,52.658,38.6208,0.0016,13.8146,20.0047,20.9606,1775608459399023655
heartrate,no_sharing,49.1299,132.7395,84.1849,37.0104,0.0016,46.959,47.9169,48.5546,1775608459452305772
heartrate,no_sharing,49.4371,51.2381,49.1763,48.2499,0.0023,0.6549,1.3022,2.0618,1775608459712892015
heartrate,no_sharing,49.8466,83.7154,81.1784,79.486,0.0039,1.1822,1.5798,2.537,1775608460122659733
heartrate,no_sharing,50.0203,91.702,89.2144,86.4077,0.0043,1.2496,1.498,2.4876,1775608460296249396
heartrate,no_sharing,50.4725,79.4055,77.1497,46.1161,0.0022,30.7492,1.5571,2.2559,1775608460748563364
heartrate,no_sharing,50.7783,94.6238,92.4892,47.0884,0.0021,45.111,1.4417,2.1346,1775608461054177763
heartrate,no_sharing,50.8781,112.7276,110.5041,39.7515,0.0018,70.5007,1.575,2.2236,1775608461154178713
heartrate,no_sharing,50.889,244.6122,142.0359,41.2216,0.0015,33.5291,101.8746,102.5763,1775608461265328813
heartrate,no_sharing,50.9264,207.1481,142.0359,41.2216,0.0015,33.5291,64.4007,65.1122,1775608461265328813
heartrate,no_sharing,50.9513,182.4169,142.0359,41.2216,0.0015,33.5291,39.53,40.381,1775608461265328813
heartrate,no_sharing,51.1116,69.0854,46.2157,34.535,0.0016,11.4786,22.1899,22.8697,1775608461408322126
heartrate,no_sharing,51.2778,54.5495,52.5948,41.3281,0.002,11.0166,1.2124,1.9546,1775608461553465892
heartrate,no_sharing,51.5391,59.2027,57.4009,38.4067,0.0017,18.7788,1.1313,1.8018,1775608461814739394
heartrate,no_sharing,51.7171,65.6242,63.4663,51.1039,0.0036,11.9301,1.2898,2.1579,1775608461992872681
heartrate,no_sharing,51.9468,48.5716,46.4582,37.2024,0.0016,9.0346,1.3816,2.1134,1775608462222649733
heartrate,no_sharing,52.0649,37.4525,35.6065,34.9088,0.0017,0.4924,1.1532,1.846,1775608462340492674
heartrate,no_sharing,52.1495,37.858,35.7766,34.6091,0.0017,0.5194,1.4007,2.0814,1775608462425383752
heartrate,no_sharing,52.2479,46.6652,44.4359,38.6262,0.0018,5.569,1.4486,2.2292,1775608462523801645
heartrate,no_sharing,52.3586,98.7904,96.7669,40.8503,0.0019,55.6898,1.3478,2.0235,1775608462634476663
heartrate,no_sharing,52.4981,94.9361,92.8178,37.3379,0.0017,55.2519,1.3304,2.1184,1775608462773919250
heartrate,no_sharing,52.5645,128.9268,99.8852,38.3567,0.0016,61.3079,28.3163,29.0416,1775608462867318811
heartrate,no_sharing,52.9443,39.7072,37.7,33.6138,0.0017,3.8516,1.322,2.0071,1775608463220093442
heartrate,no_sharing,53.1521,55.5294,53.5681,40.4046,0.0019,12.9405,1.2286,1.9613,1775608463427835626
heartrate,no_sharing,53.183,104.5914,79.2445,42.3063,0.0033,36.5055,24.5206,25.3469,1775608463482020535
heartrate,no_sharing,53.2978,88.8493,86.5416,74.7367,0.0033,11.3557,1.4327,2.3077,1775608463573710844
heartrate,no_sharing,53.6716,65.0082,62.9465,41.4452,0.0017,21.2317,1.3666,2.0617,1775608463947405753
heartrate,no_sharing,53.8437,48.7788,46.5654,45.0103,0.0021,0.6595,1.4772,2.2134,1775608464119614233
heartrate,no_sharing,53.8738,63.7274,44.4402,43.5601,0.0021,0.6194,18.5733,19.2871,1775608464166895727
heartrate,no_sharing,53.9678,81.5868,79.6272,41.88,0.0019,37.5081,1.2288,1.9597,1775608464243554140
heartrate,no_sharing,54.0287,97.573,76.0983,40.9188,0.002,34.9387,20.5755,21.4747,1775608464323795698
heartrate,no_sharing,54.2046,102.3455,100.5116,41.61,0.0018,58.6611,1.1382,1.8338,1775608464480206879
heartrate,no_sharing,54.4185,80.7486,78.8681,40.2129,0.002,38.413,1.1427,1.8805,1775608464694153867
heartrate,no_sharing,54.5927,80.8513,78.6195,51.5786,0.0023,26.7745,1.4541,2.2318,1775608464868670829
heartrate,no_sharing,54.6985,48.2185,46.2541,45.2535,0.0024,0.7059,1.2119,1.9644,1775608464974173570
heartrate,no_sharing,54.8796,58.2516,56.1237,52.7888,0.0025,3.0388,1.3144,2.1279,1775608465155396975
heartrate,no_sharing,54.9038,89.2632,54.6018,44.867,0.0019,9.4477,33.9248,34.6614,1775608465212166536
heartrate,no_sharing,55.4587,90.1237,87.6613,83.8973,0.0038,3.254,1.5037,2.4624,1775608465734729569
heartrate,no_sharing,55.5541,56.5281,54.2071,44.7949,0.0021,9.1441,1.5039,2.321,1775608465830053972
heartrate,no_sharing,55.7595,55.3565,52.935,51.9528,0.0023,0.6927,1.6115,2.4215,1775608466035571156
heartrate,no_sharing,55.823,49.1233,46.735,45.8389,0.0022,0.6434,1.4722,2.3883,1775608466098987658
heartrate,no_sharing,55.8834,50.2369,47.7403,43.3763,0.002,4.1057,1.76,2.4966,1775608466159615496
heartrate,no_sharing,56.0414,45.7664,43.5412,42.6745,0.0022,0.6211,1.3847,2.2251,1775608466317273721
heartrate,no_sharing,56.752,55.4228,52.9262,51.9282,0.0025,0.6857,1.6272,2.4966,1775608467028064098
heartrate,no_sharing,57.0102,52.7942,50.4716,49.5837,0.0021,0.6284,1.5447,2.3226,1775608467286255443
heartrate,no_sharing,57.2808,70.4513,68.071,46.0485,0.0023,21.7321,1.5335,2.3803,1775608467556766244
heartrate,no_sharing,57.6232,50.0112,47.6405,46.6679,0.0022,0.6685,1.4985,2.3707,1775608467899185411
heartrate,no_sharing,57.8453,72.7098,70.4096,42.1013,0.0019,28.0344,1.4057,2.3002,1775608468121234035
heartrate,no_sharing,57.986,92.0668,89.7252,42.5707,0.002,46.8837,1.4613,2.3415,1775608468261965381
heartrate,no_sharing,58.0103,152.9913,84.4363,37.997,0.0016,23.1167,67.481,68.555,1775608468352294234
heartrate,no_sharing,58.0441,119.2634,84.4363,37.997,0.0016,23.1167,33.7296,34.8271,1775608468352294234
heartrate,no_sharing,58.2886,81.259,78.9492,36.944,0.0017,41.7633,1.39,2.3098,1775608468564431527
heartrate,no_sharing,58.3399,162.5195,131.7858,39.5212,0.0016,46.023,29.5336,30.7336,1775608468643921382
heartrate,no_sharing,58.3643,138.1211,131.7858,39.5212,0.0016,46.023,5.1112,6.3353,1775608468643921382
heartrate,no_sharing,58.376,224.4868,97.2195,35.8984,0.0016,20.3668,125.9539,127.2673,1775608468776450720
heartrate,no_sharing,58.4004,200.1381,97.2195,35.8984,0.0016,20.3668,101.5816,102.9186,1775608468776450720
heartrate,no_sharing,58.4187,181.8151,97.2195,35.8984,0.0016,20.3668,83.2241,84.5956,1775608468776450720
heartrate,no_sharing,58.8464,44.6081,42.1492,40.6187,0.0019,1.2958,1.4644,2.4589,1775608469122366446
heartrate,no_sharing,58.8721,73.0655,53.7347,36.7597,0.0017,16.7663,18.4827,19.3308,1775608469165074604
heartrate,no_sharing,58.9484,35.9819,33.8542,33.1803,0.0017,0.478,1.2946,2.1277,1775608469224145486
heartrate,no_sharing,59.0825,36.88,34.7657,34.0195,0.0017,0.5151,1.3058,2.1143,1775608469358243468
heartrate,no_sharing,59.1665,35.3484,33.3037,32.5966,0.0017,0.4961,1.2324,2.0447,1775608469442208442
heartrate,no_sharing,59.234,47.2014,44.8454,43.3202,0.0023,0.6695,1.3621,2.3559,1775608469509885499
heartrate,no_sharing,59.2601,59.4125,37.8907,35.7235,0.0016,1.9524,20.6983,21.5218,1775608469555271901
heartrate,no_sharing,59.8823,55.3765,53.1025,40.6466,0.0127,12.2189,1.4551,2.274,1775608470158241284
heartrate,no_sharing,60.311,40.1444,37.8871,37.1166,0.0018,0.5344,1.4143,2.2573,1775608470586898947
heartrate,no_sharing,60.5858,42.1109,39.905,38.6551,0.0019,0.9947,1.3738,2.2059,1775608470861656714
heartrate,no_sharing,60.6766,51.7509,49.542,35.9539,0.0018,13.3357,1.3847,2.2089,1775608470952462773
heartrate,no_sharing,61.3186,48.8801,46.4734,45.5922,0.0022,0.6063,1.5285,2.4067,1775608471594637031
heartrate,no_sharing,61.7975,65.8071,63.3222,44.9294,0.0022,18.1214,1.5805,2.4849,1775608472073611679
heartrate,no_sharing,61.8588,49.825,44.8415,38.7395,0.0017,5.8896,4.1993,4.9834,1775608472137521549
heartrate,no_sharing,62.0564,59.0525,56.8291,36.9639,0.0017,19.6156,1.3897,2.2234,1775608472332268196
heartrate,no_sharing,62.0636,112.3517,59.9042,33.302,0.0019,26.3743,51.6095,52.4475,1775608472389683767
heartrate,no_sharing,62.7065,56.7703,54.4624,52.7389,0.004,1.1866,1.4164,2.3079,1775608472982408256
heartrate,no_sharing,63.0476,43.4558,41.0831,40.1992,0.002,0.6062,1.4281,2.3727,1775608473323476245
heartrate,no_sharing,63.0722,77.0931,57.8692,39.4017,0.002,18.2227,18.3787,19.2239,1775608473365106655
heartrate,no_sharing,63.2838,83.1268,80.6869,78.9336,0.004,1.2062,1.5018,2.4399,1775608473559781917
heartrate,no_sharing,63.3936,89.395,87.019,45.2625,0.002,41.5007,1.4358,2.3761,1775608473669474881
heartrate,no_sharing,63.406,146.986,69.5615,42.837,0.0021,26.4861,76.56,77.4245,1775608473757042317
heartrate,no_sharing,63.5782,45.0771,42.8207,41.9579,0.0021,0.6105,1.333,2.2564,1775608473854007431
heartrate,no_sharing,63.6425,45.1481,42.8971,42.041,0.0021,0.6116,1.4052,2.2511,1775608473918363305
heartrate,no_sharing,63.7395,81.5296,78.2935,42.0172,0.0022,36.0005,2.3737,3.2361,1775608474016405574
heartrate,no_sharing,63.8488,45.4111,43.0841,41.6755,0.0022,1.1506,1.4119,2.327,1775608474124714457
heartrate,no_sharing,64.0649,67.1115,64.6586,50.4582,0.0025,13.9027,1.5664,2.4528,1775608474340992951
heartrate,no_sharing,64.3158,51.0845,48.5545,47.6755,0.0022,0.6165,1.5988,2.53,1775608474591886425
heartrate,no_sharing,65.1801,51.8889,49.5388,40.373,0.002,8.9261,1.4572,2.3501,1775608475456019409
heartrate,no_sharing,65.2382,73.6773,71.3682,70.4768,0.0022,0.6421,1.3516,2.3091,1775608475513998365
heartrate,no_sharing,65.5101,54.0073,51.3807,50.4086,0.0024,0.7058,1.6477,2.6266,1775608475786238304
heartrate,no_sharing,65.6013,64.6849,62.2098,48.929,0.0022,13.0178,1.5864,2.4751,1775608475877405829
heartrate,no_sharing,65.7931,52.9571,50.5263,49.2237,0.0023,0.9986,1.5466,2.4307,1775608476069176626
heartrate,no_sharing,65.969,59.7198,57.2688,49.4787,0.0022,7.5408,1.5602,2.451,1775608476245023989
heartrate,no_sharing,66.345,100.8098,98.4009,42.3315,0.0025,55.8072,1.5512,2.4089,1775608476621058786
heartrate,no_sharing,66.8083,78.0621,75.5518,45.1338,0.002,30.1613,1.5917,2.5103,1775608477084420750
heartrate,no_sharing,67.1066,42.5365,40.1762,38.8895,0.0019,0.5648,1.4458,2.3603,1775608477382528966
heartrate,no_sharing,67.2003,50.5679,48.2577,47.4045,0.002,0.6131,1.4665,2.3102,1775608477476297980
heartrate,no_sharing,67.4471,68.7437,65.9942,39.6274,0.002,26.1066,1.4195,2.7495,1775608477722989622
heartrate,no_sharing,67.5904,84.7914,82.0451,39.6765,0.0033,41.9932,1.9357,2.7463,1775608477866845432
heartrate,no_sharing,67.6728,68.6519,65.6354,37.9842,0.0017,27.4438,2.1417,3.0165,1775608477949442107
heartrate,no_sharing,67.6854,138.6371,82.0187,43.5395,0.0023,38.2024,55.7606,56.6183,1775608478015659527
heartrate,no_sharing,68.0079,62.9141,60.6694,40.8051,0.0019,19.6447,1.3804,2.2447,1775608478283780283
heartrate,no_sharing,68.366,43.9553,41.5289,40.6877,0.002,0.5803,1.5047,2.4265,1775608478641971251
heartrate,no_sharing,68.6171,57.7872,55.262,45.4904,0.0022,9.5203,1.5764,2.5252,1775608478893183821
heartrate,no_sharing,68.9404,91.074,88.4124,86.5227,0.0044,1.3083,1.6372,2.6616,1775608479216470715
heartrate,no_sharing,68.9651,167.0973,99.8389,61.981,0.0023,12.3148,66.0977,67.2584,1775608479305673205
heartrate,no_sharing,68.9651,167.084,99.8389,61.981,0.0023,12.3148,66.0622,67.2451,1775608479305673205
heartrate,no_sharing,68.9812,151.0744,99.8389,61.981,0.0023,12.3148,50.0212,51.2355,1775608479305673205
heartrate,no_sharing,69.0466,140.3973,53.6544,41.3793,0.0021,11.9954,85.5274,86.7429,1775608479406641251
heartrate,no_sharing,69.5358,73.1707,70.8064,66.7262,0.0031,3.6781,1.4925,2.3642,1775608479811761391
heartrate,no_sharing,69.5996,96.7886,86.2628,50.1036,0.0021,35.8931,9.2909,10.5258,1775608479883332830
heartrate,no_sharing,69.6959,60.2863,57.8361,44.2775,0.0031,13.1796,1.5464,2.4502,1775608479971916871
heartrate,no_sharing,69.7152,155.1363,113.6309,42.3712,0.002,35.4944,40.6475,41.5055,1775608480030346561
heartrate,no_sharing,69.7516,118.8006,113.6309,42.3712,0.002,35.4944,4.2932,5.1698,1775608480030346561
heartrate,no_sharing,69.813,163.0874,105.0643,41.1831,0.0019,63.6428,57.3168,58.023,1775608480144754406
heartrate,no_sharing,70.179,48.9826,46.8769,45.9644,0.0022,0.6485,1.3585,2.1057,1775608480454856255
heartrate,no_sharing,70.3008,53.3972,51.1804,48.2963,0.0111,2.5916,1.3649,2.2167,1775608480576616700
heartrate,no_sharing,71.2044,52.0856,49.8779,48.1962,0.0038,1.1801,1.2424,2.2077,1775608481480097676
heartrate,no_sharing,71.5783,60.1552,57.6091,53.9703,0.0025,2.683,1.673,2.5461,1775608481854458461
heartrate,no_sharing,71.595,91.028,46.6606,45.8007,0.002,0.6113,43.1621,44.3674,1775608481912684928
heartrate,no_sharing,71.6856,44.5683,42.1805,41.3186,0.002,0.6143,1.4961,2.3878,1775608481961576347
heartrate,no_sharing,72.5492,80.358,78.3129,42.1698,0.0023,35.8469,1.2696,2.0451,1775608482824959749
heartrate,no_sharing,72.5683,122.7534,60.9512,35.0094,0.0017,25.7332,61.0917,61.8022,1775608482903890324
heartrate,no_sharing,72.7851,97.4491,95.3494,36.6671,0.0017,58.4277,1.4157,2.0997,1775608483061001009
heartrate,no_sharing,73.3741,57.1103,55.0146,33.0612,0.0019,21.6934,1.3509,2.0957,1775608483649965446
heartrate,no_sharing,73.4524,62.8269,60.8953,37.0705,0.0016,23.6091,1.1826,1.9316,1775608483728026519
heartrate,no_sharing,73.4872,119.7543,90.8422,35.4005,0.0018,55.2038,27.864,28.9121,1775608483789545087
heartrate,no_sharing,73.8742,59.4599,57.268,56.1553,0.0026,0.7938,1.3959,2.1919,1775608484150119955
heartrate,no_sharing,74.01,50.2288,47.8473,46.2292,0.0022,1.3587,1.4544,2.3816,1775608484285890326
heartrate,no_sharing,74.2926,89.8724,87.2244,85.4319,0.0043,1.2648,1.6463,2.648,1775608484568768364
heartrate,no_sharing,74.4886,52.664,50.0312,49.0686,0.002,0.6721,1.6298,2.6328,1775608484764689118
heartrate,no_sharing,74.6472,49.3712,47.0457,46.1488,0.0022,0.6356,1.4222,2.3255,1775608484923113201
heartrate,no_sharing,74.7568,50.8204,48.3979,47.4608,0.0023,0.6415,1.5149,2.4225,1775608485032800944
heartrate,no_sharing,74.956,53.6852,51.2126,50.2671,0.0023,0.6697,1.5275,2.4726,1775608485231969268
heartrate,no_sharing,75.3301,45.8024,43.7395,42.8573,0.0021,0.6099,1.3239,2.0628,1775608485605890263
heartrate,no_sharing,75.6192,86.2584,84.0689,43.6917,0.0021,40.1193,1.4436,2.1895,1775608485895160735
heartrate,no_sharing,75.7641,97.8358,95.6881,45.8833,0.0021,49.5152,1.4336,2.1476,1775608486040012122
heartrate,no_sharing,75.7768,184.655,98.6412,41.3482,0.0018,28.5226,85.0229,86.0138,1775608486136298956
heartrate,no_sharing,75.7966,164.9127,98.6412,41.3482,0.0018,28.5226,65.2587,66.2715,1775608486136298956
heartrate,no_sharing,75.8731,145.9448,57.0104,38.6325,0.0019,18.128,88.0818,88.9345,1775608486235655977
heartrate,no_sharing,76.0773,43.6306,41.3303,40.4578,0.0022,0.6025,1.3938,2.3003,1775608486353130741
heartrate,no_sharing,76.1321,46.8471,44.5304,41.2414,0.002,3.0403,1.4501,2.3167,1775608486408024694
heartrate,no_sharing,76.4243,50.1146,47.6479,45.3937,0.0021,1.9989,1.5466,2.4668,1775608486700298224
heartrate,no_sharing,76.63,51.0867,48.7087,47.7793,0.0023,0.661,1.508,2.3779,1775608486905958930
heartrate,no_sharing,76.6477,87.9612,53.8937,42.3384,0.0021,11.3044,33.1881,34.0675,1775608486955331593
heartrate,no_sharing,76.7965,73.7734,71.4159,69.9054,0.0033,1.0587,1.3747,2.3575,1775608487072326557
heartrate,no_sharing,76.8651,63.2429,57.6478,47.2832,0.002,10.082,4.8783,5.5951,1775608487144504279
heartrate,no_sharing,78.0854,84.9452,82.3025,80.1361,0.0037,1.6386,1.6744,2.6427,1775608488361576128
heartrate,no_sharing,78.1667,66.7298,62.3566,50.416,0.002,11.667,3.4683,4.3732,1775608488444628410
heartrate,no_sharing,78.4279,79.9241,77.5267,75.4621,0.0039,1.5656,1.5335,2.3974,1775608488703883218
heartrate,no_sharing,78.6099,58.2166,55.6435,53.9978,0.0024,0.7173,1.6408,2.573,1775608488886050912
heartrate,no_sharing,79.3645,67.1005,64.7786,41.4348,0.0019,23.0681,1.4532,2.3219,1775608489640429033
heartrate,no_sharing,79.3661,108.7527,42.6667,41.8108,0.002,0.6085,65.1505,66.0861,1775608489705767778
heartrate,no_sharing,79.4415,76.0889,42.152,41.3112,0.0019,0.5998,33.0696,33.9369,1775608489749021066
heartrate,no_sharing,79.6328,68.4521,66.0749,39.1919,0.0091,26.606,1.343,2.3772,1775608489908615478
heartrate,no_sharing,80.0082,101.4428,98.9436,52.5921,0.0025,45.9776,1.6057,2.4992,1775608490284305073
heartrate,no_sharing,80.0169,199.8255,106.428,43.5755,0.0019,62.5879,92.5491,93.3976,1775608490383904209
heartrate,no_sharing,80.2449,98.2499,95.9746,61.7693,0.0031,33.8129,1.3859,2.2754,1775608490520775555
heartrate,no_sharing,80.6632,74.8382,72.3208,70.8254,0.0035,1.0453,1.5378,2.5173,1775608490939254930
heartrate,no_sharing,80.8131,85.2485,82.6372,80.6847,0.0039,1.4241,1.6575,2.6112,1775608491089234675
heartrate,no_sharing,80.8995,46.2027,43.7934,42.3088,0.0019,1.2057,1.5044,2.4093,1775608491175475612
heartrate,no_sharing,80.9041,84.3968,42.2998,41.4664,0.0022,0.5989,41.2591,42.097,1775608491219862428
heartrate,no_sharing,81.0813,55.2607,52.877,44.0524,0.002,8.5751,1.4839,2.3837,1775608491357236721
heartrate,no_sharing,81.2736,45.8536,43.5248,42.6717,0.002,0.6009,1.5407,2.3288,1775608491549619702
heartrate,no_sharing,81.5539,45.2604,42.9527,42.0738,0.0021,0.6232,1.41,2.3077,1775608491829744900
heartrate,no_sharing,82.1639,106.5705,104.0981,42.2838,0.002,61.539,1.528,2.4724,1775608492439923717
heartrate,no_sharing,82.9019,42.7289,40.3501,39.5737,0.0018,0.5292,1.5204,2.3788,1775608493177853971
heartrate,no_sharing,83.1759,42.1007,39.7479,38.9132,0.0019,0.6014,1.5228,2.3528,1775608493451902708
heartrate,no_sharing,83.1776,82.86,41.7916,41.0699,0.0017,0.512,40.1881,41.0684,1775608493492235293
heartrate,no_sharing,83.2552,46.2656,40.4712,34.6634,0.0017,5.5883,4.9407,5.7944,1775608493534621445
heartrate,no_sharing,83.3595,51.2741,49.061,33.6917,0.0016,15.1543,1.37,2.2131,1775608493635379349
heartrate,no_sharing,83.4022,42.0628,32.9426,32.2935,0.0015,0.4575,8.2886,9.1202,1775608493684965133
heartrate,no_sharing,83.5688,100.3325,98.0978,35.1214,0.012,62.7525,1.3833,2.2347,1775608493844633789
heartrate,no_sharing,83.6612,64.568,56.1419,36.7741,0.0018,19.144,7.5965,8.4262,1775608493943280626
heartrate,no_sharing,83.9152,110.5897,108.4086,44.832,0.0024,63.3277,1.349,2.1812,1775608494191069534
heartrate,no_sharing,84.079,59.587,57.3744,43.9185,0.0019,13.2144,1.3726,2.2126,1775608494354868410
heartrate,no_sharing,84.0807,236.8205,177.5896,43.6791,0.002,44.551,57.7931,59.2309,1775608494412930654
heartrate,no_sharing,84.127,190.4528,177.5896,43.6791,0.002,44.551,11.4031,12.8632,1775608494412930654
heartrate,no_sharing,84.1271,190.4535,177.5896,43.6791,0.002,44.551,11.3716,12.864,1775608494412930654
heartrate,no_sharing,84.1704,267.3545,119.7631,48.8533,0.0019,35.3182,146.6496,147.5914,1775608494591575507
heartrate,no_sharing,84.2104,227.5987,119.7631,48.8533,0.0019,35.3182,106.7407,107.8356,1775608494591575507
heartrate,no_sharing,84.647,53.8342,51.3606,50.3752,0.0024,0.6971,1.5886,2.4736,1775608494923022203
heartrate,no_sharing,84.7807,60.9829,58.5628,57.3489,0.0031,0.8433,1.4882,2.4202,1775608495056652216
heartrate,no_sharing,84.8292,59.5729,46.4978,45.6017,0.0022,0.6403,12.239,13.0752,1775608495115883031
heartrate,no_sharing,85.0778,54.9088,52.2934,50.7153,0.0024,0.6828,1.6286,2.6153,1775608495353955511
heartrate,no_sharing,85.2537,45.0561,42.6498,41.7615,0.0021,0.6139,1.4703,2.4063,1775608495529657155
heartrate,no_sharing,85.326,54.2574,51.918,41.5293,0.002,10.1403,1.4019,2.3393,1775608495601840320
heartrate,no_sharing,85.432,56.1347,53.7543,43.8563,0.0019,9.6503,1.4195,2.3804,1775608495707855656
heartrate,no_sharing,85.4493,103.9052,64.4593,42.9259,0.0022,21.2855,38.5213,39.4459,1775608495762303464
heartrate,no_sharing,85.7222,51.5943,49.3789,48.289,0.0026,0.7746,1.3235,2.2153,1775608495998024535
heartrate,no_sharing,85.784,56.978,54.5981,53.4784,0.0027,0.7952,1.4374,2.3799,1775608496059942601
heartrate,no_sharing,86.0732,55.3856,53.1456,44.8799,0.0022,8.0024,1.3855,2.24,1775608496349105205
heartrate,no_sharing,86.2131,60.9796,58.5721,56.9885,0.0037,1.1047,1.4505,2.4075,1775608496489033622
heartrate,no_sharing,86.8852,45.1093,42.8343,41.9656,0.0021,0.607,1.5025,2.2749,1775608497161139707
heartrate,no_sharing,87.725,70.1902,67.6479,63.5987,0.0036,2.6184,1.6217,2.5423,1775608498001111912
heartrate,no_sharing,87.7671,147.3224,118.4318,50.3078,0.0018,33.936,27.8983,28.8906,1775608498069530493
heartrate,no_sharing,87.7698,144.8658,118.4318,50.3078,0.0018,33.936,25.2531,26.434,1775608498069530493
heartrate,no_sharing,87.8782,132.8113,96.0041,41.3343,0.002,54.4199,35.9709,36.8072,1775608498188681752
heartrate,no_sharing,88.0285,86.6687,84.5298,40.6316,0.0018,43.6571,1.2977,2.139,1775608498304292930
heartrate,no_sharing,88.202,70.9012,68.6674,41.2681,0.002,27.1431,1.2963,2.2337,1775608498477744929
heartrate,no_sharing,88.2654,50.4868,42.1171,39.5862,0.0019,2.2911,7.1986,8.3697,1775608498547038142
heartrate,no_sharing,88.427,43.5245,41.3087,40.4443,0.0021,0.6087,1.3459,2.2158,1775608498702843299
heartrate,no_sharing,88.5044,44.1656,41.907,40.0642,0.002,1.5993,1.3578,2.2587,1775608498780269978
heartrate,no_sharing,88.7178,52.5196,50.2821,49.027,0.0032,0.9035,1.302,2.2374,1775608498993604135
heartrate,no_sharing,89.0151,65.2509,62.9882,46.1369,0.0022,16.5766,1.4694,2.2626,1775608499291087898
heartrate,no_sharing,89.4525,47.6391,45.3213,41.6666,0.0021,3.3674,1.4274,2.3178,1775608499728431860
heartrate,no_sharing,89.6451,43.2668,41.0701,40.2463,0.0021,0.5811,1.3762,2.1966,1775608499920937274
heartrate,no_sharing,89.7013,78.5766,76.3801,42.5992,0.0019,33.546,1.3309,2.1965,1775608499977082184
heartrate,no_sharing,89.8561,48.9769,46.5474,39.3016,0.0019,7.0023,1.3535,2.4295,1775608500131897938
heartrate,no_sharing,89.9031,95.4778,93.0633,42.075,0.0019,50.7392,1.5264,2.4145,1775608500179131906
heartrate,no_sharing,89.9439,111.6982,56.3982,40.2734,0.002,15.86,54.364,55.3,1775608500272719305
heartrate,no_sharing,90.0497,42.3586,36.0632,34.5559,0.0016,1.2986,5.4955,6.2954,1775608500329667761
heartrate,no_sharing,90.1696,53.9553,51.838,33.0475,0.0016,18.5783,1.3051,2.1174,1775608500445379344
heartrate,no_sharing,90.2347,40.8051,38.6882,37.8873,0.0019,0.5648,1.2844,2.1169,1775608500510494722
heartrate,no_sharing,90.2918,40.8843,38.6323,37.8206,0.0019,0.5771,1.3785,2.2519,1775608500567616407
heartrate,no_sharing,90.4124,43.0982,40.8305,39.9826,0.0021,0.5921,1.3959,2.2677,1775608500688234359
heartrate,no_sharing,90.5838,58.1028,55.9816,37.0329,0.0017,18.7384,1.2884,2.1213,1775608500859598642
heartrate,no_sharing,90.5942,96.1146,47.6359,36.2444,0.0016,5.5898,47.4904,48.4787,1775608500916175608
heartrate,no_sharing,90.6319,58.4881,47.6359,36.2444,0.0016,5.5898,9.8417,10.8522,1775608500916175608
heartrate,no_sharing,90.6704,87.6243,67.1313,33.0866,0.0017,33.8302,19.6371,20.493,1775608500964501560
heartrate,no_sharing,91.5845,40.6675,38.3499,36.6127,0.0019,1.481,1.435,2.3177,1775608501860441426
heartrate,no_sharing,91.8753,53.5414,51.2011,37.348,0.0017,13.6125,1.4756,2.3403,1775608502151252593
heartrate,no_sharing,91.9995,40.7732,38.5177,37.7602,0.0019,0.5311,1.4093,2.2555,1775608502275384632
heartrate,no_sharing,92.2617,61.9962,59.4762,46.3703,0.0022,12.8354,1.5397,2.52,1775608502537700142
heartrate,no_sharing,92.2924,96.303,64.3513,39.676,0.0018,12.2273,30.8881,31.9517,1775608502597759771
heartrate,no_sharing,92.3034,85.2976,64.3513,39.676,0.0018,12.2273,19.8445,20.9463,1775608502597759771
heartrate,no_sharing,92.9057,61.065,58.4899,46.4451,0.0022,11.7729,1.6282,2.575,1775608503181771024
heartrate,no_sharing,93.1578,50.0922,47.5442,46.675,0.002,0.6077,1.5984,2.548,1775608503433888387
heartrate,no_sharing,93.4365,80.8127,78.4572,75.8303,0.0036,1.1432,1.4429,2.3555,1775608503712398449
heartrate,no_sharing,93.93,50.4844,48.1395,44.5371,0.0022,3.3047,1.4422,2.3449,1775608504205956561
heartrate,no_sharing,94.2642,106.2202,103.7802,46.2586,0.0023,57.2195,1.4539,2.4401,1775608504540173872
heartrate,no_sharing,94.2806,250.3898,159.7546,45.7707,0.0018,56.8659,89.5703,90.6352,1775608504644639587
heartrate,no_sharing,94.2873,243.7308,159.7546,45.7707,0.0018,56.8659,82.8886,83.9762,1775608504644639587
heartrate,no_sharing,94.6502,59.7892,57.6165,38.2967,0.002,19.072,1.286,2.1727,1775608504925980211
heartrate,no_sharing,94.7682,45.1481,42.9568,42.0819,0.0021,0.6079,1.339,2.1913,1775608505043984294
heartrate,no_sharing,95.1143,60.2026,58.1434,40.6595,0.0023,17.2337,1.2741,2.0592,1775608505390083729
heartrate,no_sharing,95.3313,59.258,56.8781,43.172,0.0021,13.4463,1.4527,2.3798,1775608505607269389
heartrate,no_sharing,95.365,68.3908,42.2022,41.3243,0.0021,0.6123,25.317,26.1886,1775608505664787316
heartrate,no_sharing,95.6818,50.0262,47.7001,43.4011,0.0021,4.0343,1.4014,2.326,1775608505957643520
heartrate,no_sharing,95.7044,92.2403,64.1193,46.3407,0.0021,8.7561,27.0181,28.1211,1775608506005920235
heartrate,no_sharing,95.7138,82.8938,64.1193,46.3407,0.0021,8.7561,17.648,18.7746,1775608506005920235
heartrate,no_sharing,95.9291,50.9205,48.6145,42.4328,0.002,5.9168,1.4074,2.306,1775608506204967922
heartrate,no_sharing,96.1164,83.4603,81.1286,41.9128,0.0019,38.9665,1.4544,2.3318,1775608506392326702
heartrate,no_sharing,96.6332,80.7364,78.4618,43.2605,0.002,34.9564,1.4384,2.2746,1775608506909102383
heartrate,no_sharing,96.893,82.794,80.2393,78.5041,0.004,1.2279,1.4575,2.5547,1775608507168918852
heartrate,no_sharing,96.9406,89.9327,54.1923,53.2647,0.0022,0.6514,34.9009,35.7403,1775608507250029684
heartrate,no_sharing,97.2279,83.6895,81.029,78.8065,0.0038,1.7264,1.5941,2.6604,1775608507504016588
heartrate,no_sharing,97.2477,115.1254,50.626,47.2676,0.0022,3.0962,63.6783,64.4994,1775608507585827054
heartrate,no_sharing,97.5119,54.5411,52.1781,41.4891,0.0021,10.4433,1.4017,2.363,1775608507787748411
heartrate,no_sharing,97.5552,75.177,63.4391,41.9756,0.0019,21.2202,10.8795,11.7378,1775608507840584450
heartrate,no_sharing,97.8953,51.6698,49.275,43.685,0.0021,5.308,1.4174,2.3949,1775608508171184780
heartrate,no_sharing,97.9,108.3984,60.7216,42.591,0.0018,8.9416,46.5693,47.6768,1775608508221019802
heartrate,no_sharing,97.9274,80.9989,60.7216,42.591,0.0018,8.9416,19.1462,20.2773,1775608508221019802
heartrate,no_sharing,98.1016,56.3095,51.1335,41.3892,0.0021,9.4906,1.3518,5.1759,1775608508377428369
heartrate,no_sharing,98.1343,63.9055,42.3754,41.5026,0.0021,0.6173,20.4964,21.5301,1775608508429232593
heartrate,no_sharing,98.4185,64.0843,61.5046,60.2436,0.003,0.8924,1.519,2.5797,1775608508694510817
heartrate,no_sharing,98.4662,67.0605,50.1583,49.2396,0.0023,0.6333,16.0074,16.9022,1775608508756734995
heartrate,no_sharing,98.7814,82.4146,79.873,50.8667,0.0025,28.7087,1.575,2.5416,1775608509057495508
heartrate,no_sharing,98.814,110.9488,60.6097,42.6224,0.0021,17.7412,49.5288,50.3391,1775608509138015688
heartrate,no_sharing,99.0273,112.7791,110.5807,42.3151,0.0019,68.0308,1.3399,2.1984,1775608509303111432
heartrate,no_sharing,99.0509,132.9017,43.1093,42.2768,0.0018,0.5911,88.8925,89.7924,1775608509414252736
heartrate,no_sharing,99.1503,91.0392,56.2116,34.4007,0.0016,21.5904,33.143,34.8276,1775608509457889215
heartrate,no_sharing,99.229,51.6024,38.7367,37.9387,0.0017,0.5685,12.0337,12.8656,1775608509515491449
heartrate,no_sharing,99.4843,44.9677,42.805,41.9487,0.0021,0.595,1.3032,2.1627,1775608509760039985
heartrate,no_sharing,99.5564,43.7708,41.5495,40.7155,0.0021,0.5815,1.4019,2.2213,1775608509832303622
heartrate,no_sharing,99.813,58.2206,55.7029,50.6482,0.0023,4.7507,1.6351,2.5177,1775608510089105019
heartrate,no_sharing,99.9911,76.4444,74.2238,41.0472,0.0021,32.9156,1.3614,2.2206,1775608510266988722
heartrate,no_sharing,100.3804,63.1585,60.7084,46.6626,0.0023,13.7458,1.5638,2.4501,1775608510656400580
heartrate,no_sharing,100.6682,43.9377,41.6269,40.8021,0.0018,0.563,1.3909,2.3108,1775608510944105421
heartrate,no_sharing,100.6809,76.9522,45.1838,44.4628,0.0018,0.5155,30.9253,31.7684,1775608510986310231
heartrate,no_sharing,100.7651,37.729,35.5259,34.8242,0.0017,0.5019,1.3137,2.2031,1775608511040850413
heartrate,no_sharing,100.8369,97.6679,95.6856,36.6331,0.0017,58.8476,1.2341,1.9824,1775608511112605517
heartrate,no_sharing,101.1294,68.8035,66.4559,37.0969,0.0016,28.6481,1.4398,2.3477,1775608511405293403
heartrate,no_sharing,101.1638,77.8937,42.9534,35.7312,0.0046,6.9724,34.0517,34.9403,1775608511472312585
heartrate,no_sharing,101.2945,64.8236,62.5589,39.3546,0.002,22.9383,1.415,2.2647,1775608511570440871
heartrate,no_sharing,101.4791,35.6245,33.4603,32.7537,0.0017,0.4922,1.344,2.1642,1775608511754877373
heartrate,no_sharing,101.5325,48.8257,46.5923,33.8341,0.0017,12.549,1.3263,2.2335,1775608511808341944
heartrate,no_sharing,101.5451,70.1184,33.3768,32.6753,0.0017,0.4915,35.9061,36.7417,1775608511855534998
heartrate,no_sharing,101.8604,66.4518,64.105,41.0898,0.0018,22.7669,1.4679,2.3467,1775608512136347693
heartrate,no_sharing,102.2244,65.7847,63.4433,61.7488,0.0041,1.1792,1.3189,2.3414,1775608512500177050
heartrate,no_sharing,102.27,68.3181,47.5199,44.7931,0.0022,2.4351,19.9382,20.7982,1775608512564372897
heartrate,no_sharing,102.3666,44.3146,42.0574,41.1662,0.0021,0.6371,1.3664,2.2572,1775608512642483792
heartrate,no_sharing,102.6977,102.9544,100.7964,38.2629,0.0018,62.2933,1.2848,2.158,1775608512973516951
heartrate,no_sharing,102.833,84.259,82.1122,39.2638,0.0018,42.6007,1.2825,2.1468,1775608513108800491
heartrate,no_sharing,102.8664,160.8567,109.3987,43.7591,0.002,65.4013,50.622,51.458,1775608513191487849
heartrate,no_sharing,103.3831,60.9341,58.6169,53.4493,0.0025,4.8493,1.3695,2.3172,1775608513658947532
heartrate,no_sharing,103.3999,165.8165,120.5804,53.1252,0.0023,33.5676,43.8066,45.2361,1775608513718139451
heartrate,no_sharing,103.4065,159.1897,120.5804,53.1252,0.0023,33.5676,37.1549,38.6093,1775608513718139451
heartrate,no_sharing,103.5084,99.941,42.5015,41.6307,0.002,0.6023,56.5619,57.4395,1775608513839486024
heartrate,no_sharing,104.3262,66.7417,64.4323,42.4757,0.002,21.6826,1.3816,2.3094,1775608514602026076
heartrate,no_sharing,104.3731,60.3404,40.0107,39.1768,0.0019,0.5841,19.3663,20.3297,1775608514666995680
heartrate,no_sharing,104.4011,78.9068,45.4572,41.5639,0.0021,1.8089,31.9848,33.4496,1775608514707563411
heartrate,no_sharing,104.4257,54.2805,45.4572,41.5639,0.0021,1.8089,7.3354,8.8234,1775608514707563411
heartrate,no_sharing,104.4777,45.0113,42.4392,41.5747,0.0022,0.6124,1.7853,2.572,1775608514753954633
heartrate,no_sharing,104.9631,77.3361,75.0565,60.4629,0.0031,14.2315,1.3998,2.2795,1775608515238983866
heartrate,no_sharing,105.0526,62.3317,60.0879,55.8763,0.0029,3.8602,1.3707,2.2438,1775608515328494454
heartrate,no_sharing,105.1172,43.215,41.0699,40.2178,0.0021,0.596,1.2956,2.1451,1775608515392942455
heartrate,no_sharing,105.2106,57.3409,54.9791,53.532,0.0035,1.016,1.4055,2.3617,1775608515486466896
heartrate,no_sharing,105.6487,81.9554,79.54,44.5496,0.0022,34.7148,1.4803,2.4155,1775608515924613501
heartrate,no_sharing,105.6793,117.691,65.8456,48.2626,0.0021,17.3152,50.9839,51.8454,1775608516004791918
heartrate,no_sharing,105.9244,82.3045,79.9491,45.351,0.0022,34.3331,1.4939,2.3554,1775608516200423867
heartrate,no_sharing,106.129,66.1342,63.8409,41.4283,0.0018,22.1735,1.4195,2.2933,1775608516404898367
heartrate,no_sharing,106.2073,44.558,42.1761,41.1447,0.0025,0.736,1.5008,2.382,1775608516483320368
heartrate,no_sharing,106.3565,53.0105,50.8009,49.69,0.0023,0.7956,1.369,2.2096,1775608516632320970
heartrate,no_sharing,106.7109,53.8237,51.5318,49.8579,0.0036,1.2025,1.3602,2.2919,1775608516986747724
heartrate,no_sharing,106.8364,79.9222,77.477,44.172,0.0023,33.0144,1.5354,2.4452,1775608517112448718
heartrate,no_sharing,106.8656,133.6019,82.4308,39.8265,0.0017,42.3861,50.3814,51.1711,1775608517190482308
heartrate,no_sharing,107.464,64.7855,62.5325,57.9143,0.0029,4.2581,1.3821,2.2529,1775608517739818940
heartrate,no_sharing,107.6186,61.6758,59.2583,58.0082,0.0031,0.8834,1.4255,2.4175,1775608517894485200
heartrate,no_sharing,107.6628,82.4132,64.4222,45.9994,0.0022,18.15,17.2086,17.991,1775608517954445946
heartrate,no_sharing,107.9175,71.991,69.725,42.9092,0.0023,26.5372,1.4195,2.2659,1775608518193429246
heartrate,no_sharing,108.2274,82.5956,79.9388,78.1098,0.0043,1.317,1.5173,2.6568,1775608518503379159
heartrate,no_sharing,108.2421,125.6692,57.2014,52.6383,0.0022,4.2632,67.5502,68.4678,1775608518584133332
heartrate,no_sharing,108.4274,72.0625,69.546,49.5395,0.0024,19.7314,1.5628,2.5165,1775608518703428648
heartrate,no_sharing,108.4499,113.5833,63.4805,45.5587,0.0021,17.6627,49.2482,50.1028,1775608518773586660
heartrate,no_sharing,108.8444,61.3039,58.9912,55.2598,0.0029,2.6465,1.543,2.3126,1775608519120404796
heartrate,no_sharing,108.9068,64.2803,61.9719,52.6067,0.0026,9.0399,1.4131,2.3084,1775608519182726620
heartrate,no_sharing,109.2558,47.7436,45.2705,44.3777,0.0021,0.6088,1.5335,2.4731,1775608519531817549
heartrate,no_sharing,109.3711,54.4426,52.1764,41.6612,0.0021,10.2592,1.3933,2.2663,1775608519647018100
heartrate,no_sharing,109.6285,58.7254,56.2327,50.843,0.0022,5.1207,1.6289,2.4926,1775608519904615383
heartrate,no_sharing,109.657,77.0385,46.0327,45.1564,0.0021,0.6227,30.0972,31.0058,1775608519961536358
heartrate,no_sharing,109.88,54.0669,51.5591,50.5951,0.0023,0.6794,1.5821,2.5078,1775608520156074670
heartrate,no_sharing,109.9493,50.1437,47.7071,46.809,0.0024,0.6344,1.5235,2.4366,1775608520225296962
heartrate,no_sharing,109.975,107.0757,82.1069,42.4198,0.0018,39.4553,24.1594,24.9688,1775608520273644541
heartrate,no_sharing,110.0253,96.3736,39.03,34.7024,0.0015,4.1378,56.4911,57.3435,1775608520356285051
heartrate,no_sharing,110.7766,40.7381,38.3774,37.1021,0.0017,1.0339,1.4966,2.3607,1775608521052616801
heartrate,no_sharing,110.9687,51.8532,49.3019,46.4873,0.0022,2.5578,1.6353,2.5512,1775608521244843463
heartrate,no_sharing,111.0956,60.5538,58.0849,40.1681,0.002,17.6796,1.667,2.4689,1775608521371700151
heartrate,no_sharing,111.3058,86.1444,83.706,62.1722,0.0031,21.1222,1.5752,2.4385,1775608521581890604
heartrate,no_sharing,111.5812,46.6757,44.3318,43.441,0.002,0.6323,1.4937,2.3439,1775608521857168606
heartrate,no_sharing,111.6773,44.4732,42.2772,41.4152,0.0021,0.6119,1.333,2.196,1775608521953099651
heartrate,no_sharing,111.8841,60.4675,57.8786,50.065,0.0103,7.3702,1.5626,2.5889,1775608522160126485
heartrate,no_sharing,112.5445,61.1553,58.1456,42.124,0.0021,15.6915,1.9679,3.0097,1775608522820956620
heartrate,no_sharing,112.7697,86.7195,84.2598,82.5443,0.0039,1.2115,1.5438,2.4597,1775608523045681376
heartrate,no_sharing,112.8184,92.0303,53.3394,52.3872,0.0022,0.6586,37.8995,38.6909,1775608523130786290
heartrate,no_sharing,112.9376,48.5368,46.1823,45.2711,0.0022,0.6543,1.4503,2.3545,1775608523213570526
heartrate,no_sharing,113.1033,50.9231,48.516,47.6279,0.0022,0.634,1.5297,2.4071,1775608523379274508
heartrate,no_sharing,113.7246,77.8897,75.4259,69.8019,0.0038,5.1355,1.5194,2.4638,1775608524000574196
heartrate,no_sharing,114.17,55.9797,53.7546,43.6441,0.0021,9.8151,1.4107,2.2251,1775608524445910511
heartrate,no_sharing,114.5804,71.6145,69.1547,52.95,0.0025,15.8897,1.6406,2.4598,1775608524856524809
heartrate,no_sharing,114.7206,73.0708,70.6992,64.7052,0.0035,5.5066,1.5073,2.3716,1775608524996558452
heartrate,no_sharing,114.8048,78.794,76.4948,43.7714,0.0022,32.4449,1.466,2.2992,1775608525080796139
heartrate,no_sharing,114.9451,71.6987,69.4253,42.0619,0.0021,27.1121,1.4331,2.2734,1775608525221049741
heartrate,no_sharing,115.3436,66.9305,64.5768,63.1578,0.0033,1.0282,1.4398,2.3538,1775608525619565718
heartrate,no_sharing,115.4618,52.3891,49.9506,48.9891,0.0023,0.6752,1.5848,2.4385,1775608525737864004
heartrate,no_sharing,115.6012,53.7207,51.3313,50.3743,0.0024,0.6861,1.5669,2.3894,1775608525877224222
heartrate,no_sharing,115.6951,56.3209,53.8668,51.9325,0.0033,0.6859,1.5349,2.4541,1775608525971130230
heartrate,no_sharing,115.9144,92.1519,89.9153,42.5375,0.0019,47.1072,1.4377,2.2366,1775608526190286213
heartrate,no_sharing,116.0724,91.2511,89.0907,39.3857,0.002,49.4535,1.2658,2.1604,1775608526348138403
heartrate,no_sharing,116.1337,86.9579,56.5523,35.3843,0.0015,20.9595,29.6183,30.4057,1775608526437834446
heartrate,no_sharing,116.3527,49.3059,46.9937,37.5508,0.0018,9.2135,1.4596,2.3122,1775608526628634023
heartrate,no_sharing,116.4839,40.8878,38.533,37.7896,0.0018,0.5341,1.4198,2.3548,1775608526759829611
heartrate,no_sharing,116.5086,81.2325,64.4902,37.0493,0.0016,27.2172,15.9333,16.7423,1775608526799004520
heartrate,no_sharing,116.597,61.5923,59.4819,36.7558,0.0015,22.533,1.3471,2.1104,1775608526872843146
heartrate,no_sharing,116.83,55.3265,52.7629,51.218,0.0025,1.2544,1.7068,2.5635,1775608527106228549
heartrate,no_sharing,116.9066,54.5948,52.2719,50.8455,0.0025,1.1266,1.3881,2.3228,1775608527182459354
heartrate,no_sharing,117.493,86.2567,83.7838,80.9829,0.0042,2.2659,1.5304,2.4729,1775608527769005585
heartrate,no_sharing,117.6562,57.9951,55.6897,45.0566,0.0021,10.3601,1.4377,2.3054,1775608527932086359
heartrate,no_sharing,117.9794,102.0977,99.6327,47.4216,0.0023,51.9442,1.5874,2.4651,1775608528255427695
heartrate,no_sharing,118.3484,84.3534,81.8232,80.1376,0.0037,1.1886,1.5879,2.5303,1775608528624517454
heartrate,no_sharing,118.3943,88.2509,49.0435,48.1294,0.0022,0.6367,38.301,39.2074,1775608528707069202
heartrate,no_sharing,118.5148,48.9688,46.64,45.7411,0.0022,0.6497,1.4889,2.3288,1775608528790734739
heartrate,no_sharing,118.5364,71.4023,43.0744,42.2135,0.0021,0.6097,27.0226,28.3279,1775608528837940833
heartrate,no_sharing,118.7142,52.3353,50.0388,48.8257,0.003,0.866,1.3735,2.2964,1775608528990020478
heartrate,no_sharing,118.8448,91.6848,89.1336,50.6795,0.0024,38.1795,1.6289,2.5512,1775608529120867737
heartrate,no_sharing,118.9097,112.6506,85.2946,47.1645,0.002,37.8857,26.4499,27.356,1775608529210681669
heartrate,no_sharing,118.9466,161.5644,85.2666,43.7152,0.0019,41.3233,75.386,76.2978,1775608529296513634
heartrate,no_sharing,119.08,87.2588,58.4694,37.86,0.0019,20.3812,27.9162,28.7894,1775608529382422483
heartrate,no_sharing,119.2685,45.6202,43.2249,42.362,0.0021,0.6141,1.4298,2.3953,1775608529544449580
heartrate,no_sharing,119.2842,76.736,46.0226,43.9684,0.002,0.8993,29.6192,30.7133,1775608529588336192
heartrate,no_sharing,119.2909,70.1149,46.0226,43.9684,0.002,0.8993,22.9757,24.0922,1775608529588336192
heartrate,no_sharing,119.4129,44.8177,42.5182,41.6525,0.002,0.6158,1.415,2.2995,1775608529688758422
heartrate,no_sharing,119.7023,61.1019,58.7374,43.7095,0.003,14.6242,1.4007,2.3646,1775608529978228686
heartrate,no_sharing,119.7586,75.3071,69.9154,43.1605,0.0018,26.5176,4.5207,5.3917,1775608530037570729
heartrate,no_sharing,119.8548,110.9514,108.6781,42.3889,0.0021,66.0332,1.3366,2.2733,1775608530130596211
heartrate,no_sharing,119.9011,132.3855,67.2258,45.4216,0.002,21.5522,64.265,65.1597,1775608530239896341
heartrate,no_sharing,119.9992,119.7963,85.0393,42.5689,0.0017,42.2369,33.9711,34.757,1775608530307682290
heartrate,no_sharing,120.6155,46.3157,44.1658,41.2318,0.0021,2.6775,1.3552,2.1498,1775608530891303390
heartrate,no_sharing,120.6916,56.3791,54.1787,38.244,0.0019,15.169,1.3368,2.2004,1775608530967451076
heartrate,no_sharing,120.9753,41.4076,39.1202,36.5498,0.0017,2.3382,1.4327,2.2874,1775608531251246074
heartrate,no_sharing,121.124,42.4526,40.1043,39.2951,0.0019,0.5531,1.4896,2.3482,1775608531399964570
heartrate,no_sharing,121.1886,42.9657,40.5519,39.7381,0.0019,0.5565,1.4942,2.4137,1775608531464619222
heartrate,no_sharing,121.2123,61.3277,41.459,40.7558,0.0016,0.5031,18.9199,19.8687,1775608531505724060
heartrate,no_sharing,121.2378,78.2783,42.0595,33.7537,0.0016,8.1003,35.4331,36.2188,1775608531547720434
heartrate,no_sharing,121.394,39.0272,36.6041,35.8596,0.0017,0.5187,1.4546,2.4232,1775608531669909376
heartrate,no_sharing,121.4296,39.8593,36.0677,35.3924,0.0015,0.4767,2.9645,3.7916,1775608531707065864
heartrate,no_sharing,122.0781,61.2557,59.0001,41.5388,0.0025,17.1726,1.4162,2.2556,1775608532353996495
heartrate,no_sharing,122.0938,106.1814,59.9814,40.3744,0.002,19.3628,45.3386,46.2,1775608532413602808
heartrate,no_sharing,122.6298,45.3582,43.0355,41.3605,0.0021,1.3781,1.4491,2.3226,1775608532905693745
heartrate,no_sharing,122.6863,47.5123,45.3523,40.2779,0.0019,4.8246,1.3304,2.16,1775608532962131884
heartrate,no_sharing,122.701,78.9702,45.5191,44.6503,0.0021,0.6221,32.5687,33.4511,1775608533008057228
heartrate,no_sharing,123.0343,64.3179,61.9843,43.5887,0.0019,18.1162,1.4589,2.3336,1775608533310227981
heartrate,no_sharing,123.27,81.3248,78.8875,77.1748,0.0042,1.2039,1.4555,2.4373,1775608533545946284
heartrate,no_sharing,123.3831,80.5333,78.1373,45.918,0.0022,31.9281,1.5013,2.3959,1775608533659090543
heartrate,no_sharing,123.9495,75.886,73.3966,47.5903,0.0023,25.5139,1.6086,2.4895,1775608534225588891
heartrate,no_sharing,124.1209,52.7127,50.1599,49.2187,0.0024,0.6589,1.5531,2.5527,1775608534396925500
heartrate,no_sharing,124.1356,83.7748,45.1347,43.8509,0.0021,1.0019,37.7574,38.6401,1775608534447837368
heartrate,no_sharing,124.4187,70.9724,68.5875,67.1204,0.0034,1.0447,1.43,2.385,1775608534694584201
heartrate,no_sharing,124.4939,54.955,52.3638,50.779,0.0023,1.2971,1.5917,2.5912,1775608534769930305
heartrate,no_sharing,124.5296,76.4654,56.6898,44.4805,0.0021,11.9613,18.9147,19.7756,1775608534822963639
heartrate,no_sharing,124.7418,93.7324,91.3659,75.4893,0.0038,15.421,1.4203,2.3665,1775608535017698476
heartrate,no_sharing,124.9175,83.9207,81.3444,79.6439,0.0041,1.1911,1.4987,2.5763,1775608535193473139
heartrate,no_sharing,124.9635,127.0494,88.3962,54.3888,0.0023,33.71,37.7128,38.6533,1775608535275688500
heartrate,no_sharing,125.0148,168.8712,92.5951,46.7516,0.0021,45.5909,75.4442,76.2761,1775608535364718980
heartrate,no_sharing,125.1718,97.2888,84.5865,44.1963,0.0095,40.1066,11.7462,12.7024,1775608535457980848
heartrate,no_sharing,125.2111,184.5372,125.8984,46.1853,0.002,39.7228,57.6622,58.6388,1775608535543249812
heartrate,no_sharing,125.2632,132.6301,125.8984,46.1853,0.002,39.7228,5.5799,6.7317,1775608535543249812
heartrate,no_sharing,125.3279,225.1666,156.6927,48.6084,0.0021,53.9116,67.5945,68.4738,1775608535669957611
heartrate,no_sharing,125.3884,164.8352,156.6927,48.6084,0.0021,53.9116,7.036,8.1425,1775608535669957611
heartrate,no_sharing,125.617,44.5282,42.4395,41.5739,0.002,0.6131,1.3635,2.0888,1775608535892807535
heartrate,no_sharing,125.6737,44.2467,42.3525,41.4761,0.0022,0.6203,1.2288,1.8941,1775608535949400670
heartrate,no_sharing,125.9182,52.7799,50.418,48.8163,0.0024,0.6675,1.528,2.3619,1775608536194181403
heartrate,no_sharing,126.0458,49.6292,47.2257,46.3365,0.0022,0.6299,1.617,2.4035,1775608536321884761
heartrate,no_sharing,126.0878,66.7169,58.4913,42.321,0.0021,15.9153,7.5376,8.2256,1775608536369775762
heartrate,no_sharing,126.1736,44.9605,42.8181,41.9362,0.0021,0.6312,1.339,2.1424,1775608536449465461
heartrate,no_sharing,126.4734,65.6168,63.1558,61.8641,0.0031,0.8951,1.4677,2.4611,1775608536749394741
heartrate,no_sharing,126.7388,53.452,49.9794,48.647,0.0022,1.04,2.5003,3.4726,1775608537015812762
heartrate,no_sharing,126.7896,55.9232,52.6096,43.7196,0.0021,8.6239,2.3828,3.3136,1775608537066420136
heartrate,no_sharing,126.9564,44.8687,42.4181,41.5464,0.002,0.6101,1.5709,2.4507,1775608537232495272
heartrate,no_sharing,127.1025,64.9309,62.5798,41.5797,0.0021,20.7366,1.4706,2.3511,1775608537378421411
heartrate,no_sharing,127.6539,78.558,76.319,41.4952,0.002,34.5695,1.4927,2.2389,1775608537929922244
heartrate,no_sharing,127.7487,92.3672,89.9961,75.319,0.0038,14.1712,1.4865,2.3711,1775608538024699845
heartrate,no_sharing,128.0316,85.007,82.5415,78.497,0.0039,3.5349,1.5481,2.4655,1775608538307589088
heartrate,no_sharing,128.5991,51.8947,49.3682,45.0561,0.0021,4.0314,1.6534,2.5265,1775608538875231913
heartrate,no_sharing,128.7044,52.964,50.2775,48.623,0.0039,1.1661,1.4269,2.6864,1775608538980261173
heartrate,no_sharing,129.0071,87.6641,85.356,43.3791,0.0022,41.6971,1.4639,2.3081,1775608539283042275
heartrate,no_sharing,129.0108,203.5694,118.9006,42.011,0.0018,38.3175,83.7171,84.6688,1775608539368991513
heartrate,no_sharing,129.0495,164.9055,118.9006,42.011,0.0018,38.3175,45.0165,46.005,1775608539368991513
heartrate,no_sharing,129.1306,134.7282,50.3977,38.0502,0.0022,12.0674,83.4467,84.3305,1775608539488559100
heartrate,no_sharing,129.6269,55.4988,53.2493,47.1632,0.0023,5.7693,1.4508,2.2495,1775608539902839485
heartrate,no_sharing,129.6966,61.6808,59.4445,50.3093,0.0041,8.644,1.3304,2.2363,1775608539972420266
heartrate,no_sharing,129.9558,52.7487,50.2486,49.3109,0.0021,0.6645,1.6119,2.5001,1775608540231899463
heartrate,no_sharing,129.9715,83.0998,45.4283,43.9714,0.0022,1.1736,36.8092,37.6715,1775608540282804732
heartrate,no_sharing,130.2885,112.6735,110.0554,82.1071,0.004,27.4437,1.7469,2.6181,1775608540564770542
heartrate,no_sharing,130.3758,109.6208,83.602,43.6876,0.0019,39.675,25.2876,26.0188,1775608540675571331
heartrate,no_sharing,130.572,95.7792,93.5501,39.3964,0.0018,53.9127,1.3421,2.2291,1775608540847801492
heartrate,no_sharing,130.7946,44.7965,42.4151,41.5206,0.002,0.6052,1.5121,2.3814,1775608541070562367
heartrate,no_sharing,131.5073,44.6577,42.3476,41.4514,0.0021,0.6188,1.5104,2.3101,1775608541783306661
heartrate,no_sharing,131.5942,45.8903,43.5486,42.7217,0.002,0.5902,1.4591,2.3417,1775608541870133954
heartrate,no_sharing,131.8058,75.2223,72.8907,41.8895,0.0021,30.7382,1.5111,2.3316,1775608542081795679
heartrate,no_sharing,132.0026,59.6843,57.3046,36.711,0.0017,20.3524,1.5247,2.3797,1775608542278621309
heartrate,no_sharing,132.0812,76.1895,73.7409,34.5544,0.0016,38.9817,1.3275,2.4486,1775608542356964654
heartrate,no_sharing,132.1764,101.8291,99.6889,37.5752,0.0017,61.8832,1.3504,2.1402,1775608542452187432
heartrate,no_sharing,132.2144,208.7493,144.3514,42.7763,0.0021,50.6658,63.6218,64.3979,1775608542552489431
heartrate,no_sharing,132.2707,152.5974,144.3514,42.7763,0.0021,50.6658,7.2711,8.2461,1775608542552489431
heartrate,no_sharing,132.3466,157.2838,79.9778,43.3314,0.002,36.4099,76.4649,77.306,1775608542697534565
heartrate,no_sharing,132.7306,48.4233,46.2175,45.2679,0.0023,0.6706,1.3647,2.2058,1775608543006483216
heartrate,no_sharing,132.7523,72.1657,44.8056,43.9461,0.0021,0.6054,26.468,27.3601,1775608543053288831
heartrate,no_sharing,132.7802,90.7447,45.8924,41.5603,0.0021,4.0787,44.0133,44.8523,1775608543098722162
heartrate,no_sharing,132.9781,51.3046,48.9337,47.6933,0.0023,0.9751,1.5152,2.3709,1775608543254118009
heartrate,no_sharing,133.0268,74.6622,71.4897,43.0084,0.002,28.2342,2.2783,3.1725,1775608543303596939
heartrate,no_sharing,133.383,58.1374,55.6886,49.3581,0.0025,6.0325,1.575,2.4488,1775608543659094512
heartrate,no_sharing,133.3918,94.3611,44.3572,43.481,0.002,0.6192,49.1145,50.0039,1775608543715378944
heartrate,no_sharing,133.5188,87.5304,85.1778,42.0812,0.002,42.8357,1.4699,2.3526,1775608543794754231
heartrate,no_sharing,133.5835,88.0401,64.5211,42.0614,0.0021,21.6191,22.6066,23.519,1775608543880636136
heartrate,no_sharing,133.6125,156.3051,96.7798,45.133,0.0021,51.4004,58.6891,59.5252,1775608543945701189
heartrate,no_sharing,133.7611,103.7943,95.4233,45.2458,0.0022,49.9276,7.4971,8.3711,1775608544043101321
heartrate,no_sharing,134.3098,60.4675,57.8437,48.0028,0.0024,9.5276,1.7164,2.6238,1775608544585991250
heartrate,no_sharing,134.4285,78.2979,75.8571,47.6844,0.0022,27.9,1.6055,2.4408,1775608544704562971
heartrate,no_sharing,134.728,73.379,70.8763,69.2273,0.0039,1.1858,1.5054,2.5028,1775608545003982713
heartrate,no_sharing,134.8494,47.6999,45.321,44.4397,0.0021,0.6234,1.5781,2.3789,1775608545125423797
heartrate,no_sharing,135.0954,82.732,80.4907,45.0843,0.0021,35.1459,1.4563,2.2413,1775608545371308942
heartrate,no_sharing,135.1479,80.1833,49.3132,42.9161,0.0019,6.142,30.0665,30.87,1775608545452414169
heartrate,no_sharing,135.2848,59.1044,56.6881,54.347,0.0028,1.9715,1.5054,2.4163,1775608545560744727
heartrate,no_sharing,135.3344,71.0335,60.9506,42.8269,0.0022,17.8365,9.1922,10.0829,1775608545618111861
heartrate,no_sharing,135.5175,52.5169,50.1775,41.3835,0.0021,8.5433,1.4515,2.3394,1775608545793390163
heartrate,no_sharing,135.7212,61.286,58.6633,57.3069,0.0032,0.9608,1.7099,2.6227,1775608545997371143
heartrate,no_sharing,136.1613,71.5911,69.0,51.0674,0.0025,17.6331,1.6701,2.5912,1775608546437404552
heartrate,no_sharing,136.6074,89.6077,86.989,85.172,0.0041,1.2715,1.6928,2.6188,1775608546883601228
heartrate,no_sharing,136.8479,50.9753,48.4089,47.4487,0.0023,0.6558,1.6201,2.5664,1775608547124027495
heartrate,no_sharing,136.9913,44.6887,42.4172,41.5323,0.002,0.6198,1.4114,2.2715,1775608547267188553
heartrate,no_sharing,137.102,50.2059,47.8201,41.7188,0.0021,5.8493,1.4927,2.3858,1775608547377930495
heartrate,no_sharing,137.233,69.4718,67.2609,65.7462,0.0035,1.0762,1.3359,2.2109,1775608547508856583
heartrate,no_sharing,137.4092,75.2699,72.8771,44.2171,0.0021,28.3765,1.5411,2.3928,1775608547685216439
heartrate,no_sharing,137.4759,64.4941,55.3798,43.5561,0.0022,11.5675,8.266,9.1143,1775608547758686992
heartrate,no_sharing,137.628,48.3444,45.9862,43.5828,0.002,2.1578,1.4818,2.3582,1775608547903916020
heartrate,no_sharing,137.8184,64.5278,61.8811,60.6195,0.003,0.8838,1.6499,2.6466,1775608548094493510
heartrate,no_sharing,137.8441,101.2392,61.8775,48.7901,0.0022,12.8165,38.4772,39.3617,1775608548157090280
heartrate,no_sharing,138.0012,90.3168,87.6915,40.7977,0.0019,46.6312,1.5962,2.6253,1775608548277284060
heartrate,no_sharing,138.0361,95.0038,39.1247,38.3001,0.0021,0.5835,55.0387,55.8792,1775608548365580473
heartrate,no_sharing,138.1753,44.5571,42.2188,41.3605,0.0021,0.6125,1.4858,2.3383,1775608548451237660
heartrate,no_sharing,138.2307,51.6853,49.3743,44.2964,0.0023,4.7951,1.4923,2.311,1775608548506702737
heartrate,no_sharing,138.8333,54.3711,51.7682,50.4489,0.0025,1.0061,1.6744,2.6029,1775608549109469647
heartrate,no_sharing,139.1404,65.9211,63.7228,43.6082,0.002,19.854,1.359,2.1982,1775608549416226551
heartrate,no_sharing,139.6118,80.7626,78.4127,76.7492,0.0037,1.16,1.488,2.3499,1775608549887757976
heartrate,no_sharing,139.7888,58.5129,55.9287,50.2405,0.0024,4.7422,1.6494,2.5843,1775608550064960913
heartrate,no_sharing,139.9417,85.5112,83.2249,40.5742,0.002,42.396,1.4184,2.2863,1775608550217566328
heartrate,no_sharing,140.3021,46.272,43.9364,43.0429,0.002,0.6053,1.5476,2.3357,1775608550578086729
heartrate,no_sharing,140.3272,93.5955,71.7397,41.765,0.002,29.7198,21.0521,21.8558,1775608550622719772
heartrate,no_sharing,140.7892,92.8888,90.54,81.4222,0.0039,8.6289,1.5254,2.3489,1775608551065257067
heartrate,no_sharing,140.8933,68.8524,66.5201,43.0812,0.0019,23.1955,1.4768,2.3324,1775608551169294735
heartrate,no_sharing,140.9849,89.5855,87.3664,39.3106,0.002,47.805,1.3478,2.2192,1775608551260697332
heartrate,no_sharing,141.0291,117.5997,71.7112,41.4879,0.0019,29.9788,45.0103,45.8885,1775608551348638675
heartrate,no_sharing,142.0245,80.9283,78.2864,76.5721,0.0039,1.2087,1.6718,2.6419,1775608552300657449
heartrate,no_sharing,142.0414,113.1356,48.3956,47.4547,0.0021,0.6531,63.8812,64.74,1775608552379733791
heartrate,no_sharing,142.3174,84.7569,82.3096,79.5963,0.0038,2.1799,1.5986,2.4472,1775608552593444576
heartrate,no_sharing,142.4754,59.2318,56.832,47.2268,0.0022,9.3414,1.579,2.3998,1775608552751418341
heartrate,no_sharing,142.5818,48.3408,45.9177,45.0317,0.0022,0.6302,1.518,2.4231,1775608552857759806
heartrate,no_sharing,143.0553,81.6834,79.3949,74.9545,0.0037,3.9428,1.4441,2.2885,1775608553331246330
heartrate,no_sharing,143.3495,55.1205,52.4887,51.4844,0.0023,0.6871,1.6875,2.6317,1775608553625626687
heartrate,no_sharing,143.5054,49.0971,46.7546,42.8736,0.0022,3.6042,1.4915,2.3425,1775608553781345696
heartrate,no_sharing,143.5797,46.4866,44.1711,43.2871,0.0025,0.6266,1.4045,2.3155,1775608553855560352
heartrate,no_sharing,143.8047,80.4839,78.014,76.3071,0.0037,1.186,1.5101,2.4699,1775608554080691470
heartrate,no_sharing,144.0354,81.3384,78.8773,46.2821,0.002,32.3379,1.5738,2.4611,1775608554311500677
heartrate,no_sharing,144.2251,65.9313,63.6253,62.0003,0.0038,1.1441,1.3556,2.3061,1775608554500952927
heartrate,no_sharing,144.3033,44.7717,42.3378,41.4244,0.0021,0.6317,1.5326,2.4339,1775608554579268168
heartrate,no_sharing,144.3939,57.0416,54.8266,42.431,0.0021,12.1491,1.4098,2.215,1775608554669835965
heartrate,no_sharing,144.7992,90.4956,87.7236,85.9271,0.0042,1.2697,1.6928,2.772,1775608555075420786
heartrate,no_sharing,144.904,76.2787,73.7618,50.4169,0.0023,23.076,1.5831,2.5169,1775608555180020446
heartrate,no_sharing,145.0326,44.4522,42.2188,41.3795,0.0021,0.5925,1.4169,2.2334,1775608555308546649
heartrate,no_sharing,145.1313,48.8162,46.503,42.6399,0.0021,3.6084,1.4722,2.3132,1775608555407263866
heartrate,no_sharing,145.3048,73.8609,71.1901,48.9124,0.0023,21.9924,1.7784,2.6708,1775608555581012507
heartrate,no_sharing,146.1469,85.0031,82.542,80.8084,0.0043,1.1993,1.5235,2.4611,1775608556422878158
heartrate,no_sharing,146.1976,99.0791,64.1043,62.2179,0.0021,1.5769,34.0707,34.9748,1775608556506154952
heartrate,no_sharing,146.4126,73.3058,70.9493,42.4777,0.0021,28.2057,1.457,2.3566,1775608556688503096
heartrate,no_sharing,146.5011,67.6308,65.3837,44.7359,0.0022,20.3928,1.3576,2.2471,1775608556776908636
heartrate,no_sharing,146.5448,68.9235,44.467,42.8904,0.0022,0.6181,23.5338,24.4565,1775608556842848658
heartrate,no_sharing,147.3467,89.8442,87.1469,85.3324,0.0041,1.2753,1.6816,2.6973,1775608557622870396
heartrate,no_sharing,147.5353,89.0312,86.4904,79.9482,0.0039,6.0525,1.6158,2.5408,1775608557811408710
heartrate,no_sharing,147.7258,74.7175,72.2947,67.4333,0.0039,4.3574,1.5171,2.4228,1775608558001814563
heartrate,no_sharing,147.9357,45.1009,42.7387,41.8756,0.0021,0.6122,1.4729,2.3622,1775608558211623349
heartrate,no_sharing,147.9764,49.6542,44.6672,43.8103,0.002,0.608,4.0803,4.987,1775608558254925339
heartrate,no_sharing,148.022,49.7682,45.0893,41.4704,0.0019,3.3693,3.8044,4.6789,1775608558300254655
heartrate,no_sharing,148.1167,45.0892,42.7422,41.8536,0.0021,0.612,1.4851,2.3471,1775608558392706192
heartrate,no_sharing,148.351,103.5988,101.2138,58.8197,0.0028,42.0159,1.518,2.3851,1775608558627024444
heartrate,no_sharing,148.5186,56.9515,54.6741,43.6054,0.0021,10.7925,1.482,2.2774,1775608558794537601
heartrate,no_sharing,148.5807,81.5423,79.3089,42.2631,0.0022,36.7892,1.4162,2.2333,1775608558856633764
heartrate,no_sharing,148.9698,66.3347,63.8237,61.5196,0.0028,1.9527,1.6494,2.5111,1775608559245917185
heartrate,no_sharing,149.6034,91.3234,88.1645,86.3396,0.0042,1.2755,1.7328,3.1588,1775608559879570347
heartrate,no_sharing,149.6121,161.8831,78.8247,63.0551,0.0022,7.74,81.9809,83.0585,1775608559968579707
heartrate,no_sharing,149.6609,113.1887,78.8247,63.0551,0.0022,7.74,33.2453,34.3641,1775608559968579707
heartrate,no_sharing,150.3696,90.3542,87.7052,76.0421,0.0039,11.1381,1.7538,2.649,1775608560645884274
heartrate,no_sharing,150.4632,67.3785,65.0406,44.2987,0.0021,20.4492,1.4927,2.3379,1775608560739172841
heartrate,no_sharing,150.5505,45.8512,43.539,41.5522,0.0019,1.7224,1.456,2.3123,1775608560826467722
heartrate,no_sharing,151.1019,78.6269,76.0585,74.3973,0.0041,1.1802,1.5335,2.5684,1775608561377880310
heartrate,no_sharing,151.2183,78.6655,75.931,74.1227,0.0043,1.2895,1.6887,2.7345,1775608561494503659
heartrate,no_sharing,151.6408,61.157,58.6145,50.6085,0.0024,7.7225,1.6482,2.5425,1775608561916938504
heartrate,no_sharing,151.8528,82.3209,79.7985,78.0987,0.0039,1.1666,1.5666,2.5224,1775608562128848707
heartrate,no_sharing,152.2735,56.0017,52.112,51.126,0.0022,0.6819,2.9399,3.8896,1775608562550898347
heartrate,no_sharing,152.2762,100.8987,46.836,45.9677,0.0021,0.3034,52.9916,54.0628,1775608562603719294
heartrate,no_sharing,152.289,88.1586,46.836,45.9677,0.0021,0.3034,40.2284,41.3226,1775608562603719294
heartrate,no_sharing,152.5038,88.2387,85.6927,49.9872,0.0022,35.4205,1.641,2.5461,1775608562779962408
heartrate,no_sharing,152.8922,72.1042,69.5766,68.1305,0.0034,1.0132,1.5411,2.5276,1775608563168186719
heartrate,no_sharing,153.2019,68.8248,66.1932,62.3434,0.0117,3.1909,1.5962,2.6315,1775608563477978184
heartrate,no_sharing,153.3464,46.1838,43.6754,42.7643,0.0021,0.6194,1.6389,2.5084,1775608563622482865
heartrate,no_sharing,153.5182,68.3696,66.089,43.4672,0.0021,22.3596,1.4496,2.2806,1775608563794122489
heartrate,no_sharing,153.5316,125.1612,69.3021,44.1514,0.0021,12.4421,54.8069,55.8591,1775608563860859512
heartrate,no_sharing,153.5333,123.4896,69.3021,44.1514,0.0021,12.4421,53.1108,54.1875,1775608563860859512
heartrate,no_sharing,153.841,67.6908,65.0405,63.739,0.003,0.9024,1.6506,2.6504,1775608564117133578
heartrate,no_sharing,153.9243,64.7085,62.2561,59.6093,0.0037,2.2423,1.5097,2.4524,1775608564200296475
heartrate,no_sharing,154.4,50.5195,48.1207,43.112,0.0022,4.1458,1.4892,2.3987,1775608564675956429
heartrate,no_sharing,154.7526,78.6598,76.0213,48.2684,0.0023,27.4336,1.6909,2.6385,1775608565028727008
heartrate,no_sharing,154.8218,96.5815,86.7858,42.4294,0.0021,44.1102,9.1431,9.7957,1775608565105420931
heartrate,no_sharing,154.9972,37.5121,35.2877,34.5912,0.0017,0.4953,1.4091,2.2244,1775608565273050289
heartrate,no_sharing,155.0369,36.063,33.811,33.0916,0.0016,0.5189,1.4215,2.2519,1775608565312777499
heartrate,no_sharing,155.0931,35.7246,33.5063,32.823,0.0015,0.4849,1.3547,2.2183,1775608565368978018
heartrate,no_sharing,155.9008,83.4298,80.9387,79.1109,0.004,1.3143,1.5447,2.4911,1775608566176792987
heartrate,no_sharing,156.0099,63.4377,61.1914,41.3253,0.0022,19.6045,1.4338,2.2463,1775608566285855295
heartrate,no_sharing,156.4346,79.5074,77.1208,74.121,0.0038,2.5225,1.4782,2.3866,1775608566710534951
heartrate,no_sharing,156.532,64.1477,61.8873,41.373,0.0019,20.2446,1.3924,2.2604,1775608566807842463
heartrate,no_sharing,157.147,84.3472,81.9394,79.1325,0.0042,2.2538,1.4489,2.4079,1775608567422969485
heartrate,no_sharing,157.5395,58.7173,56.5195,38.0334,0.0019,18.2244,1.3704,2.1978,1775608567815381833
heartrate,no_sharing,157.6511,42.7866,40.5822,39.7365,0.002,0.6044,1.3344,2.2044,1775608567926951198
heartrate,no_sharing,157.8244,93.9214,91.6419,73.0866,0.004,18.0596,1.3657,2.2795,1775608568100266720
heartrate,no_sharing,157.9953,51.3122,48.9992,41.9463,0.0021,6.798,1.4851,2.313,1775608568271268754
heartrate,no_sharing,158.004,102.4914,59.1052,43.6784,0.0021,15.174,42.4299,43.3861,1775608568320911700
heartrate,no_sharing,158.0528,139.7159,85.3532,45.0078,0.002,40.0944,53.4277,54.3627,1775608568380720396
heartrate,no_sharing,158.1703,112.7033,90.129,45.5009,0.002,44.3784,21.893,22.5744,1775608568466707848
heartrate,no_sharing,158.2334,161.9759,111.3657,46.7493,0.0018,32.1914,49.5901,50.6102,1775608568557504500
heartrate,no_sharing,158.2666,129.2002,111.3657,46.7493,0.0018,32.1914,16.3891,17.8346,1775608568557504500
heartrate,no_sharing,158.402,86.9405,84.883,35.4971,0.0018,49.1692,1.2248,2.0575,1775608568677681630
heartrate,no_sharing,158.5011,88.0251,86.1865,38.8545,0.0017,47.1174,1.2033,1.8386,1775608568776743049
heartrate,no_sharing,158.5932,47.755,45.9435,34.6348,0.0016,11.1142,1.1106,1.8115,1775608568868806082
heartrate,no_sharing,158.9504,66.7377,64.2224,46.9226,0.0019,17.0655,1.6031,2.5152,1775608569226473989
heartrate,no_sharing,159.0964,53.6914,51.3546,46.1963,0.0021,4.911,1.4775,2.3368,1775608569372328000
heartrate,no_sharing,159.2176,64.8654,62.3662,60.8394,0.0036,1.0978,1.4887,2.4991,1775608569493589035
heartrate,no_sharing,159.2333,97.4722,47.7153,46.8529,0.0019,0.6223,48.8474,49.7568,1775608569556642321
heartrate,no_sharing,159.6578,52.3057,49.8612,43.5007,0.002,6.1054,1.5678,2.4445,1775608569933850941
heartrate,no_sharing,159.746,50.9906,48.6627,37.9415,0.0021,10.4669,1.4918,2.3279,1775608570022009140
heartrate,no_sharing,159.9494,76.2403,73.8874,42.8772,0.0018,30.7488,1.502,2.3529,1775608570225429658
heartrate,no_sharing,160.1042,58.7986,56.5713,39.6948,0.0017,16.5883,1.4353,2.2273,1775608570380166758
heartrate,no_sharing,160.5458,51.9493,49.4343,46.7331,0.0022,2.4511,1.6108,2.515,1775608570821890451
heartrate,no_sharing,160.6327,85.2735,82.8539,43.3822,0.0022,38.6191,1.5399,2.4196,1775608570908705442
heartrate,no_sharing,160.7932,83.8802,81.3405,77.8466,0.0038,2.9969,1.5347,2.5397,1775608571069207851
heartrate,no_sharing,160.8129,144.7558,79.9606,55.1326,0.0024,24.5552,63.9582,64.7953,1775608571151304392
heartrate,no_sharing,161.2004,62.9811,60.4387,59.356,0.0024,0.7639,1.5872,2.5424,1775608571476446712
heartrate,no_sharing,161.2221,146.6627,104.6145,50.1183,0.0021,27.1018,41.0395,42.0482,1775608571537614046
heartrate,no_sharing,161.2368,131.9911,104.6145,50.1183,0.0021,27.1018,26.3443,27.3766,1775608571537614046
heartrate,no_sharing,161.5382,80.39,77.9304,50.2576,0.0023,27.383,1.6072,2.4596,1775608571814289550
heartrate,no_sharing,161.8713,59.0746,56.5995,47.7691,0.0023,8.5383,1.5411,2.4751,1775608572147310067
heartrate,no_sharing,161.9572,82.7153,80.5281,41.627,0.0022,38.6511,1.3454,2.1872,1775608572232995325
heartrate,no_sharing,162.0717,42.8193,40.5573,39.8061,0.0017,0.5276,1.4093,2.262,1775608572347570437
heartrate,no_sharing,162.2673,79.7179,77.3665,40.0884,0.0019,37.0371,1.4722,2.3514,1775608572543259158
heartrate,no_sharing,162.4962,53.2427,51.0159,34.414,0.0017,16.3789,1.4246,2.2268,1775608572772126919
heartrate,no_sharing,162.8432,74.6439,72.3142,35.4091,0.0017,36.6556,1.4303,2.3296,1775608573119118929
heartrate,no_sharing,163.5556,47.9181,45.3737,44.5195,0.0021,0.5897,1.5693,2.5444,1775608573831663376
heartrate,no_sharing,163.6474,61.6386,59.3056,39.1206,0.0019,19.969,1.4524,2.333,1775608573923379226
heartrate,no_sharing,163.9241,86.997,84.3674,82.5642,0.0042,1.2605,1.6553,2.6296,1775608574200228323
heartrate,no_sharing,164.0781,54.4341,52.029,51.0087,0.0024,0.7316,1.59,2.405,1775608574354134381
heartrate,no_sharing,164.2495,45.2385,42.9874,42.1089,0.0021,0.6065,1.3783,2.2511,1775608574525322438
heartrate,no_sharing,164.4483,76.9813,74.6046,46.1661,0.002,28.1601,1.5738,2.3767,1775608574724388230
heartrate,no_sharing,164.461,190.3117,125.3071,45.5558,0.0019,39.7356,64.0466,65.0046,1775608574799569242
heartrate,no_sharing,164.5097,141.6333,125.3071,45.5558,0.0019,39.7356,15.342,16.3262,1775608574799569242
heartrate,no_sharing,164.9198,76.2644,73.8233,58.2445,0.0027,15.2354,1.4987,2.4411,1775608575195827156
heartrate,no_sharing,164.9343,121.3531,58.7611,56.9331,0.0026,0.7413,61.5115,62.592,1775608575270279142
heartrate,no_sharing,164.976,79.6609,58.7611,56.9331,0.0026,0.7413,19.7957,20.8998,1775608575270279142
heartrate,no_sharing,165.5797,50.8237,48.3566,47.4282,0.0027,0.6318,1.5464,2.4671,1775608575855712147
heartrate,no_sharing,165.5834,92.052,44.3885,43.4967,0.0023,0.6232,46.8066,47.6635,1775608575904651598
heartrate,no_sharing,165.751,87.2996,84.8429,82.9927,0.0044,1.3072,1.431,2.4567,1775608576026912727
heartrate,no_sharing,165.8017,105.6321,68.4243,58.7101,0.0024,9.4091,36.3662,37.2078,1775608576112502504
heartrate,no_sharing,165.8435,155.7713,91.2612,48.5683,0.002,21.2071,63.5488,64.51,1775608576181536645
heartrate,no_sharing,165.8592,140.2056,91.2612,48.5683,0.002,21.2071,47.8306,48.9444,1775608576181536645
heartrate,no_sharing,165.9415,127.0826,68.2268,46.6757,0.0021,7.0851,57.6525,58.8558,1775608576273619011
heartrate,no_sharing,165.9516,116.941,68.2268,46.6757,0.0021,7.0851,47.4877,48.7142,1775608576273619011
heartrate,no_sharing,165.9583,110.2984,68.2268,46.6757,0.0021,7.0851,40.8118,42.0716,1775608576273619011
heartrate,no_sharing,166.1355,62.3283,59.8977,45.0809,0.0021,14.5442,1.5116,2.4306,1775608576411482353
heartrate,no_sharing,166.2453,52.6853,50.3954,43.359,0.002,6.7813,1.4176,2.2899,1775608576521246763
heartrate,no_sharing,166.3176,81.9316,79.4859,43.0027,0.0021,36.2319,1.4167,2.4457,1775608576593494923
heartrate,no_sharing,166.3994,59.5112,56.838,45.5752,0.0105,10.8371,1.3773,2.6731,1775608576675239944
heartrate,no_sharing,166.5232,59.4776,56.6889,46.2032,0.0021,10.2122,1.8682,2.7886,1775608576799548838
heartrate,no_sharing,166.5298,99.6892,46.274,45.3912,0.0022,0.6291,52.469,53.4152,1775608576856798216
heartrate,no_sharing,166.6225,55.0377,47.4883,43.3946,0.0023,3.8254,6.6426,7.5495,1775608576903658504
heartrate,no_sharing,166.6878,50.5579,48.349,43.4807,0.0022,4.602,1.3576,2.2088,1775608576963617707
heartrate,no_sharing,167.2461,89.1585,86.7273,84.9639,0.0042,1.2139,1.5321,2.4312,1775608577522134625
heartrate,no_sharing,167.6518,70.4618,68.0405,45.6614,0.0023,22.097,1.529,2.4213,1775608577927809741
heartrate,no_sharing,167.7673,46.8035,44.4323,43.5071,0.0021,0.6395,1.5166,2.3712,1775608578043277316
heartrate,no_sharing,167.9441,54.2848,51.8073,45.6804,0.0021,5.8761,1.6232,2.4775,1775608578220245599
heartrate,no_sharing,168.3638,50.9489,48.506,47.5697,0.0023,0.6577,1.5137,2.4429,1775608578639802488
heartrate,no_sharing,168.3805,80.9643,45.9965,43.0368,0.0018,1.3683,33.9487,34.9678,1775608578688911290
heartrate,no_sharing,168.3962,65.299,45.9965,43.0368,0.0018,1.3683,18.2607,19.3025,1775608578688911290
heartrate,no_sharing,168.7674,53.5662,50.9497,49.3495,0.0024,0.6743,1.6687,2.6165,1775608579043531846
heartrate,no_sharing,169.5092,79.6444,77.1877,48.425,0.0023,28.4826,1.5795,2.4567,1775608579785300376
heartrate,no_sharing,169.5317,102.8879,45.1026,44.2148,0.0023,0.6326,56.9236,57.7852,1775608579863105508
heartrate,no_sharing,169.7287,67.745,65.4747,43.13,0.0021,22.0734,1.3745,2.2703,1775608580004594574
heartrate,no_sharing,169.7434,110.4877,56.8479,42.9171,0.0022,13.6813,52.7675,53.6398,1775608580070626740
heartrate,no_sharing,169.9098,47.0653,44.7729,43.1454,0.0018,1.395,1.4355,2.2923,1775608580185733515
heartrate,no_sharing,169.9711,39.9714,37.8064,36.7635,0.0017,0.8341,1.2949,2.165,1775608580246852971
heartrate,no_sharing,170.0172,59.8929,57.7859,34.461,0.0017,23.1241,1.3022,2.107,1775608580293032194
heartrate,no_sharing,170.3275,40.7295,38.4358,37.6824,0.0017,0.5277,1.3874,2.2937,1775608580603374990
heartrate,no_sharing,170.4038,82.2861,80.1107,36.9835,0.0017,42.9097,1.318,2.1755,1775608580679611763
heartrate,no_sharing,170.4963,88.1269,86.0005,36.7618,0.0017,49.0184,1.2851,2.1264,1775608580772059565
heartrate,no_sharing,170.902,57.0698,54.8048,51.8459,0.0024,2.6472,1.4718,2.265,1775608581177977176
heartrate,no_sharing,170.9357,100.8976,76.9535,43.2977,0.0019,33.438,23.1977,23.944,1775608581233373895
heartrate,no_sharing,171.0599,74.7368,72.6115,36.0649,0.0018,36.3405,1.2767,2.1253,1775608581335677837
heartrate,no_sharing,172.0055,90.9257,88.6434,41.0532,0.0019,47.3297,1.5433,2.2823,1775608582281529187
heartrate,no_sharing,172.0938,71.1887,67.9283,34.1506,0.0016,33.5572,2.5482,3.2604,1775608582370791798
heartrate,no_sharing,172.2794,67.4808,65.0535,63.6122,0.0033,1.0115,1.4546,2.4273,1775608582555353336
heartrate,no_sharing,172.4351,86.8809,84.2665,69.5334,0.0033,14.31,1.6437,2.6144,1775608582711266923
heartrate,no_sharing,172.4753,96.4842,48.906,48.0163,0.0022,0.6304,46.494,47.5782,1775608582796270450
heartrate,no_sharing,172.9649,88.727,86.1476,80.4951,0.004,5.1306,1.6508,2.5794,1775608583241018869
heartrate,no_sharing,173.1175,68.4369,66.0112,41.6043,0.0023,24.1143,1.5178,2.4257,1775608583393515033
heartrate,no_sharing,173.3204,67.9672,57.1943,51.2493,0.0024,5.6308,9.8553,10.7728,1775608583604732339
heartrate,no_sharing,173.3906,58.4524,56.108,45.2813,0.0021,10.5738,1.5106,2.3444,1775608583666574812
heartrate,no_sharing,173.5778,43.2882,41.0651,40.208,0.002,0.6091,1.3947,2.2231,1775608583853658852
heartrate,no_sharing,173.8999,65.8906,63.455,45.5417,0.0021,17.6457,1.5845,2.4355,1775608584175933478
heartrate,no_sharing,173.9086,116.0204,58.2194,44.297,0.002,13.6736,56.9286,57.801,1775608584240022971
heartrate,no_sharing,174.3217,54.0166,51.653,40.4463,0.0019,10.9854,1.5011,2.3636,1775608584597718857
heartrate,no_sharing,174.3663,58.9614,48.8721,37.8602,0.0018,10.7854,9.2211,10.0893,1775608584650002468
heartrate,no_sharing,174.4959,37.8501,35.5484,34.8323,0.0016,0.5099,1.404,2.3017,1775608584771826561
heartrate,no_sharing,174.5036,66.9799,36.1583,35.4536,0.0017,0.4974,29.9208,30.8216,1775608584807977815
heartrate,no_sharing,174.561,55.8245,45.7782,34.3895,0.0018,11.1449,9.2177,10.0463,1775608584844680213
heartrate,no_sharing,174.9385,55.4578,52.6931,51.6721,0.0025,0.7157,1.5004,2.7647,1775608585214476287
heartrate,no_sharing,174.9754,113.5294,94.5599,49.1767,0.002,22.5516,17.9119,18.9695,1775608585267810546
heartrate,no_sharing,174.9831,105.8698,94.5599,49.1767,0.002,22.5516,10.2301,11.3099,1775608585267810546
heartrate,no_sharing,174.9935,155.9486,59.8903,45.0123,0.0021,14.6135,95.1471,96.0583,1775608585363090722
heartrate,no_sharing,175.1171,98.0151,65.1166,43.7121,0.002,21.1423,32.0563,32.8985,1775608585423641666
heartrate,no_sharing,175.4382,64.7604,62.3545,52.7001,0.0024,9.3475,1.4961,2.406,1775608585714214362
heartrate,no_sharing,175.4469,102.293,45.537,44.6368,0.0021,0.6392,55.8393,56.7561,1775608585777259605
heartrate,no_sharing,175.5704,47.3015,44.974,44.0741,0.002,0.6393,1.4536,2.3276,1775608585846372658
heartrate,no_sharing,176.0564,67.9958,65.5462,44.014,0.0021,21.2456,1.5562,2.4496,1775608586332422609
heartrate,no_sharing,176.0954,135.428,105.8099,46.7651,0.0022,58.7791,28.7647,29.6181,1775608586398629610
heartrate,no_sharing,176.2914,77.7221,75.449,62.8921,0.003,12.1478,1.4312,2.2731,1775608586567307886
heartrate,no_sharing,176.4414,88.1085,85.69,69.9233,0.0035,14.3615,1.4381,2.4186,1775608586717368995
heartrate,no_sharing,176.466,115.2356,51.0732,49.0212,0.0021,1.7694,63.2837,64.1623,1775608586803803769
heartrate,no_sharing,176.5551,82.9582,56.1171,43.1773,0.0022,12.6875,25.974,26.8411,1775608586855515856
heartrate,no_sharing,176.8039,69.0708,66.5611,65.1885,0.0034,0.9705,1.5097,2.5097,1775608587079854764
heartrate,no_sharing,177.2253,86.6818,83.9955,82.1572,0.0047,1.3161,1.6184,2.6864,1775608587501356533
heartrate,no_sharing,177.4039,59.5634,56.9544,55.9323,0.0025,0.6989,1.663,2.609,1775608587680037645
heartrate,no_sharing,177.4265,91.1825,53.6549,46.4313,0.0022,6.9283,36.6466,37.5276,1775608587737670373
heartrate,no_sharing,177.903,82.8238,80.4175,78.673,0.0041,1.2324,1.493,2.4063,1775608588178928569
heartrate,no_sharing,178.6105,61.322,58.5999,46.5102,0.0022,11.7922,1.807,2.7221,1775608588886817352
heartrate,no_sharing,178.8047,106.4661,104.1601,46.0954,0.0021,57.7849,1.4982,2.3059,1775608589080678770
heartrate,no_sharing,179.105,104.0936,101.8703,44.8075,0.0019,56.8376,1.385,2.2233,1775608589380874583
heartrate,no_sharing,179.2738,57.3423,55.0323,52.9245,0.0027,1.7883,1.4987,2.31,1775608589549767820
heartrate,no_sharing,179.4235,85.4599,83.2121,54.055,0.0025,28.8362,1.3697,2.2479,1775608589699374742
heartrate,no_sharing,179.4262,125.3955,41.9264,41.087,0.002,0.5856,82.5925,83.4692,1775608589783252367
heartrate,no_sharing,179.5384,55.9015,41.8776,41.0072,0.0021,0.6195,12.8639,14.0239,1775608589825718185
heartrate,no_sharing,179.6939,45.6638,43.3538,42.4749,0.0022,0.6226,1.3978,2.31,1775608589969758258
heartrate,no_sharing,179.8697,50.8621,48.5513,42.2988,0.0021,5.9936,1.4353,2.3107,1775608590145580854
heartrate,no_sharing,180.1173,45.3756,43.1174,42.2212,0.0022,0.6395,1.4434,2.2581,1775608590393212154
heartrate,no_sharing,180.4051,46.4108,44.0999,43.1896,0.0023,0.6285,1.4226,2.3109,1775608590680977874
heartrate,no_sharing,180.6739,49.6843,47.3387,42.5565,0.0021,4.5331,1.4234,2.3455,1775608590949804619
heartrate,no_sharing,181.2041,68.3653,65.7886,63.8066,0.004,1.4436,1.631,2.5767,1775608591480254232
heartrate,no_sharing,181.2777,84.192,81.8204,79.5362,0.0023,1.988,1.4884,2.3716,1775608591553711510
heartrate,no_sharing,181.4627,82.2489,79.8355,50.1048,0.0022,29.4646,1.5149,2.4134,1775608591738727595
heartrate,no_sharing,182.137,80.7512,78.3797,76.7207,0.0035,1.1571,1.4679,2.3714,1775608592412925274
heartrate,no_sharing,182.1803,96.5188,58.4276,52.0868,0.002,6.0539,37.2238,38.0912,1775608592492013897
heartrate,no_sharing,182.8912,60.7884,58.1694,52.2688,0.0024,5.5839,1.6658,2.619,1775608593167327939
heartrate,no_sharing,182.9364,99.6246,83.4222,46.3263,0.002,36.8279,15.3399,16.2024,1775608593226179214
heartrate,no_sharing,183.1656,78.5341,76.3445,39.373,0.002,36.694,1.3356,2.1896,1775608593441416753
heartrate,no_sharing,183.2222,84.7831,62.1994,52.0568,0.0024,9.8091,21.6429,22.5837,1775608593518332053
heartrate,no_sharing,183.6046,54.863,52.5279,51.4014,0.0026,0.7784,1.4412,2.3351,1775608593880536963
heartrate,no_sharing,183.8888,69.0603,66.5397,50.3836,0.0026,15.8524,1.6427,2.5206,1775608594164965680
heartrate,no_sharing,183.9661,65.937,63.7028,45.0105,0.002,17.8575,1.3957,2.2343,1775608594241974164
heartrate,no_sharing,184.2907,95.4714,92.9088,88.5064,0.0042,3.8787,1.5967,2.5626,1775608594566803854
heartrate,no_sharing,184.3034,197.835,114.0405,58.6832,0.0022,18.3542,82.7882,83.7945,1775608594660641072
heartrate,no_sharing,184.3201,181.1483,114.0405,58.6832,0.0022,18.3542,66.0839,67.1078,1775608594660641072
heartrate,no_sharing,184.3488,152.5803,114.0405,58.6832,0.0022,18.3542,37.3659,38.5398,1775608594660641072
heartrate,no_sharing,185.0487,76.5066,74.0813,72.5114,0.0036,1.0966,1.4873,2.4253,1775608595324673388
heartrate,no_sharing,185.7772,93.1072,90.4586,88.5858,0.0043,1.3136,1.6084,2.6486,1775608596053252529
heartrate,no_sharing,185.7929,149.3268,71.2287,61.2382,0.0022,4.8429,77.158,78.0981,1775608596144494938
heartrate,no_sharing,185.7955,146.7884,71.2287,61.2382,0.0022,4.8429,74.471,75.5597,1775608596144494938
heartrate,no_sharing,185.8755,112.3245,44.9017,44.0065,0.002,0.6421,66.5591,67.4228,1775608596216517592
heartrate,no_sharing,186.0812,55.4159,53.1508,43.2334,0.0023,9.657,1.442,2.2651,1775608596357153858
heartrate,no_sharing,186.1802,48.384,45.933,44.5587,0.0096,1.0964,1.3888,2.451,1775608596456097710
heartrate,no_sharing,186.1948,80.2486,45.8258,44.9094,0.0023,0.6431,33.5407,34.4228,1775608596502853271
heartrate,no_sharing,186.298,51.1048,48.4464,44.0094,0.0023,4.1497,1.586,2.6583,1775608596574045898
heartrate,no_sharing,186.37,69.7622,67.4189,43.3606,0.0023,23.8055,1.4544,2.3433,1775608596645947698
heartrate,no_sharing,186.6397,47.0946,44.7268,43.8279,0.0021,0.6372,1.4577,2.3678,1775608596915612471
heartrate,no_sharing,186.6633,74.0311,49.9759,44.6892,0.0022,5.0283,23.1657,24.0552,1775608596960983503
heartrate,no_sharing,186.8355,57.7443,55.3286,53.1129,0.0025,1.8994,1.4954,2.4157,1775608597111451054
heartrate,no_sharing,187.5217,81.0628,78.6609,41.9069,0.0022,36.4699,1.7295,2.4019,1775608597797944121
heartrate,no_sharing,187.6871,46.4056,44.4767,43.5767,0.0021,0.6413,1.1985,1.9289,1775608597962795920
heartrate,no_sharing,188.0447,49.2342,46.8118,45.8921,0.002,0.629,1.6539,2.4223,1775608598320827236
heartrate,no_sharing,188.0851,52.1684,42.7114,41.9414,0.0019,0.5451,8.6544,9.4569,1775608598368284218
heartrate,no_sharing,188.1131,96.5827,71.7441,37.2765,0.0018,34.234,24.1277,24.8386,1775608598411669993
heartrate,no_sharing,188.1929,91.224,73.846,46.9442,0.0026,26.5728,16.6149,17.3779,1775608598483962227
heartrate,no_sharing,188.4374,48.3928,46.0193,45.0132,0.002,0.7715,1.595,2.3735,1775608598713478461
heartrate,no_sharing,188.4929,46.7176,44.7702,40.0949,0.0019,4.4533,1.2178,1.9475,1775608598768622278
heartrate,no_sharing,188.5598,43.2191,41.2408,38.1675,0.0018,2.859,1.2236,1.9783,1775608598835547360
heartrate,no_sharing,188.8064,70.564,68.1318,66.7307,0.0032,0.9866,1.513,2.4322,1775608599082392325
heartrate,no_sharing,189.3328,86.0786,83.9091,38.6206,0.0017,45.044,1.5254,2.1695,1775608599608778628
heartrate,no_sharing,189.676,47.1275,44.8722,44.038,0.002,0.5875,1.421,2.2553,1775608599951931346
heartrate,no_sharing,189.7644,46.0463,43.7536,42.9522,0.002,0.5679,1.545,2.2926,1775608600040396425
heartrate,no_sharing,190.0486,39.5424,37.3945,36.6603,0.0017,0.5105,1.4391,2.1479,1775608600324474407
heartrate,no_sharing,190.0702,57.8904,39.4027,38.6789,0.0017,0.5018,17.8182,18.4877,1775608600362486080
heartrate,no_sharing,190.1363,37.4761,35.3691,34.6364,0.0017,0.5133,1.3511,2.107,1775608600412114741
heartrate,no_sharing,190.1699,39.6726,35.2679,34.0677,0.0018,0.5078,3.69,4.4047,1775608600448047277
heartrate,no_sharing,190.2923,74.1048,72.0659,39.2488,0.0018,32.578,1.3211,2.0389,1775608600568062087
heartrate,no_sharing,190.3369,121.2146,91.2671,39.1519,0.0017,51.8952,29.3012,29.9475,1775608600640679438
heartrate,no_sharing,190.7933,62.736,60.4701,57.4751,0.0029,2.6185,1.3576,2.266,1775608601069110036
heartrate,no_sharing,190.8088,111.3849,63.649,44.5588,0.0022,18.8103,47.0247,47.7359,1775608601130338908
heartrate,no_sharing,190.9144,52.7322,46.2483,45.342,0.0022,0.6276,5.7082,6.4839,1775608601194596656
heartrate,no_sharing,190.9522,70.3185,54.7005,43.8513,0.002,10.5779,14.8349,15.618,1775608601241524740
heartrate,no_sharing,190.9869,79.4127,43.2592,42.3944,0.002,0.605,35.4342,36.1535,1775608601296770857
heartrate,no_sharing,191.1455,51.3225,49.0663,46.7722,0.0022,2.0341,1.487,2.2561,1775608601421458901
heartrate,no_sharing,191.6868,60.3452,58.1125,40.6773,0.0019,17.1762,1.2515,2.2327,1775608601962528600
heartrate,no_sharing,191.7007,128.2742,81.12,76.7388,0.0036,3.8556,46.1833,47.1542,1775608602021371480
heartrate,no_sharing,191.8759,51.2447,49.0475,42.3174,0.0019,6.4863,1.5111,2.1972,1775608602151940795
heartrate,no_sharing,192.0665,54.492,52.3554,43.0108,0.0022,9.0923,1.3876,2.1366,1775608602342324335
heartrate,no_sharing,192.5365,56.0944,53.953,42.3619,0.0021,11.3156,1.3525,2.1414,1775608602812341575
heartrate,no_sharing,192.9095,61.0631,58.7319,39.3666,0.0021,19.0722,1.6515,2.3312,1775608603185628457
heartrate,no_sharing,193.2304,83.8962,81.3544,79.6182,0.004,1.2105,1.5953,2.5417,1775608603506436059
heartrate,no_sharing,193.7574,50.9527,48.6801,46.0042,0.002,2.4079,1.5237,2.2725,1775608604033442617
heartrate,no_sharing,193.8874,49.063,46.7482,45.6584,0.0022,0.8101,1.4873,2.3147,1775608604163328009
heartrate,no_sharing,194.0683,54.666,52.6029,41.1095,0.0021,11.2259,1.2968,2.0632,1775608604344048513
heartrate,no_sharing,194.3816,57.4081,55.2315,43.6488,0.0022,11.288,1.4589,2.1766,1775608604657527556
heartrate,no_sharing,194.4626,45.5034,43.5959,41.9587,0.002,1.3543,1.1327,1.9074,1775608604738187635
heartrate,no_sharing,194.473,100.0738,64.2686,43.632,0.0021,10.1781,35.0158,35.8052,1775608604782461151
heartrate,no_sharing,194.4905,82.5827,64.2686,43.632,0.0021,10.1781,17.5123,18.3141,1775608604782461151
heartrate,no_sharing,195.1783,75.0277,72.5743,70.8363,0.0041,1.2173,1.5061,2.4534,1775608605454256830
heartrate,no_sharing,196.3338,47.2293,44.9324,43.989,0.0023,0.6367,1.6184,2.2969,1775608606609948230
heartrate,no_sharing,196.4967,46.5984,44.2128,43.373,0.002,0.5783,1.4865,2.3857,1775608606772657388
heartrate,no_sharing,197.0292,59.2809,56.8808,39.8142,0.0017,16.8013,1.6994,2.4001,1775608607305386778
heartrate,no_sharing,197.3192,87.6393,84.9923,83.775,0.0029,0.8623,1.6887,2.6471,1775608607595410265
heartrate,no_sharing,197.389,75.3441,56.844,55.836,0.0022,0.6813,17.6589,18.5001,1775608607681159968
heartrate,no_sharing,197.46,56.998,51.9249,45.3651,0.0021,6.2828,4.1904,5.0731,1775608607738718203
heartrate,no_sharing,197.7165,73.8263,71.1589,69.5856,0.0037,1.1375,1.6334,2.6674,1775608607992641703
heartrate,no_sharing,197.8007,71.846,69.4516,53.9863,0.0025,15.1503,1.6184,2.3944,1775608608076792921
heartrate,no_sharing,198.1268,65.34,62.9642,50.0971,0.0023,12.6016,1.5521,2.3759,1775608608402807706
heartrate,no_sharing,198.1294,146.0462,82.5783,46.3444,0.0021,35.968,62.5987,63.4678,1775608608466490683
heartrate,no_sharing,198.2309,116.1532,70.9573,58.75,0.0028,11.8515,44.291,45.1959,1775608608549709279
heartrate,no_sharing,198.3066,121.8433,80.8568,57.2087,0.0027,23.3028,40.2107,40.9866,1775608608621288685
heartrate,no_sharing,198.5995,60.7271,58.5166,57.2884,0.0029,0.8772,1.2774,2.2105,1775608608875269884
heartrate,no_sharing,198.6423,66.5085,47.9552,47.0354,0.0023,0.6419,17.801,18.5533,1775608608934563668
heartrate,no_sharing,198.725,57.373,55.172,52.2569,0.0027,2.5855,1.435,2.201,1775608609000913956
heartrate,no_sharing,199.1334,43.0632,41.0882,40.2458,0.002,0.5941,1.2417,1.9749,1775608609409111757
heartrate,no_sharing,199.3408,59.1471,56.5913,53.9816,0.0024,2.2925,1.7288,2.5558,1775608609616999503
heartrate,no_sharing,199.4946,50.1022,47.7031,42.9006,0.0022,4.54,1.4575,2.3991,1775608609770531074
heartrate,no_sharing,199.7845,44.1887,42.0335,40.4137,0.002,0.6224,1.5092,2.1552,1775608610060460665
heartrate,no_sharing,199.9992,67.7934,65.423,46.2241,0.002,18.9342,1.5285,2.3703,1775608610275230825
heartrate,no_sharing,200.2119,70.539,68.1295,66.4239,0.0037,1.2072,1.3766,2.4095,1775608610487745999
heartrate,no_sharing,200.2756,59.741,52.3731,51.4031,0.0023,0.6514,6.5839,7.3679,1775608610556700016
heartrate,no_sharing,200.5226,49.4702,47.1895,46.2762,0.0022,0.6481,1.4994,2.2807,1775608610798591118
heartrate,no_sharing,201.1107,43.8952,41.5376,40.6584,0.0021,0.6031,1.5848,2.3576,1775608611386767475
heartrate,no_sharing,201.2298,74.3909,72.0741,70.0069,0.004,1.5914,1.3926,2.3168,1775608611505714982
heartrate,no_sharing,201.4319,45.9359,43.7175,41.5547,0.0021,1.8821,1.4775,2.2183,1775608611707876590
heartrate,no_sharing,201.6775,77.8837,75.5264,51.7468,0.0022,23.4974,1.5793,2.3573,1775608611953610872
heartrate,no_sharing,201.7378,125.2387,106.9369,44.5883,0.0019,31.0353,17.5183,18.3018,1775608612029816484
heartrate,no_sharing,201.7423,120.8599,106.9369,44.5883,0.0019,31.0353,13.0653,13.923,1775608612029816484
heartrate,no_sharing,202.0555,47.9612,45.6423,44.083,0.002,1.2656,1.5156,2.319,1775608612331525326
heartrate,no_sharing,202.0874,61.0743,44.3697,43.4692,0.002,0.6329,15.9686,16.7045,1775608612377839711
heartrate,no_sharing,202.1893,59.5312,57.412,45.3592,0.0021,11.7998,1.4307,2.1192,1775608612465256718
heartrate,no_sharing,202.2414,52.47,44.3444,43.4442,0.0022,0.6347,7.3893,8.1256,1775608612523284303
heartrate,no_sharing,202.3241,47.8671,45.7761,44.7032,0.0021,0.8155,1.3118,2.0909,1775608612599876201
heartrate,no_sharing,202.6427,49.4657,47.213,46.3053,0.0025,0.6368,1.4689,2.2526,1775608612918633649
heartrate,no_sharing,202.8205,87.0922,84.8438,47.543,0.002,37.0371,1.5252,2.2483,1775608613096475879
heartrate,no_sharing,202.8691,96.0996,56.9828,35.4995,0.0016,21.2704,38.3968,39.1168,1775608613181949123
heartrate,no_sharing,203.0446,80.183,78.2589,41.1933,0.0018,36.8295,1.1628,1.9241,1775608613320285957
heartrate,no_sharing,203.1031,60.4181,38.1919,35.8063,0.0017,2.1427,21.5442,22.2262,1775608613399175130
heartrate,no_sharing,203.4316,63.72,61.797,42.9636,0.0021,18.0498,1.1911,1.923,1775608613707304323
heartrate,no_sharing,203.5914,42.5463,40.4016,39.6002,0.002,0.5702,1.4257,2.1447,1775608613867308867
heartrate,no_sharing,203.9979,48.2597,45.8914,45.0184,0.0024,0.609,1.6091,2.3684,1775608614273968141
heartrate,no_sharing,204.3003,105.927,103.8217,41.8297,0.0022,61.7217,1.4064,2.1053,1775608614576172272
heartrate,no_sharing,204.5223,37.3604,35.1082,34.3843,0.0017,0.5114,1.3614,2.2522,1775608614798128200
heartrate,no_sharing,204.7175,56.3319,54.3651,44.2373,0.003,9.7622,1.123,1.9667,1775608614993149705
heartrate,no_sharing,205.0593,79.1981,77.1339,37.3965,0.0019,39.4931,1.3242,2.0642,1775608615335155002
heartrate,no_sharing,205.0769,219.7206,157.2194,37.8976,0.0016,59.5434,61.5582,62.5012,1775608615412921296
heartrate,no_sharing,205.1076,189.034,157.2194,37.8976,0.0016,59.5434,30.8478,31.8145,1775608615412921296
heartrate,no_sharing,205.2537,188.4978,144.7755,55.3881,0.0025,44.5114,42.6905,43.7223,1775608615570920806
heartrate,no_sharing,205.279,163.3153,144.7755,55.3881,0.0025,44.5114,17.4582,18.5398,1775608615570920806
heartrate,no_sharing,205.3876,193.5263,138.1757,57.7632,0.0025,40.0332,54.4195,55.3506,1775608615716504028
heartrate,no_sharing,205.4196,161.5067,138.1757,57.7632,0.0025,40.0332,22.3758,23.3309,1775608615716504028
heartrate,no_sharing,205.4758,237.2355,131.2048,46.6062,0.002,42.1545,105.2184,106.0308,1775608615855535276
heartrate,no_sharing,205.4795,233.5947,131.2048,46.6062,0.002,42.1545,101.5573,102.3899,1775608615855535276
heartrate,no_sharing,206.5533,60.8511,58.3629,54.4115,0.0025,2.8306,1.6828,2.4882,1775608616829485516
heartrate,no_sharing,206.6616,46.5856,44.554,43.6575,0.0024,0.6311,1.2689,2.0316,1775608616937368688
heartrate,no_sharing,206.9492,60.4837,57.9822,45.3763,0.0022,12.339,1.5261,2.5015,1775608617225212900
heartrate,no_sharing,206.9578,156.728,104.3106,43.2789,0.0025,60.6838,51.6422,52.4174,1775608617283951777
heartrate,no_sharing,207.2139,47.0235,44.9259,42.5868,0.0028,2.0179,1.3442,2.0977,1775608617489759470
heartrate,no_sharing,207.4439,74.0359,71.8433,60.346,0.0025,11.1504,1.4904,2.1926,1775608617719915000
heartrate,no_sharing,207.533,73.509,71.8179,43.698,0.002,27.8483,0.9539,1.6911,1775608617808394658
heartrate,no_sharing,207.77,84.0473,81.5382,79.7896,0.0037,1.2071,1.5192,2.5091,1775608618046011132
heartrate,no_sharing,207.9543,66.1514,63.6555,54.1694,0.0025,9.184,1.6849,2.4959,1775608618230504454
heartrate,no_sharing,208.0226,59.9461,57.8747,49.6978,0.0028,7.8096,1.2839,2.0714,1775608618298397137
heartrate,no_sharing,208.0596,69.2461,45.5717,44.0573,0.0023,0.6403,22.8531,23.6744,1775608618356969326
heartrate,no_sharing,208.0857,115.3874,71.8516,43.4511,0.0021,28.1444,42.8739,43.5359,1775608618403085391
heartrate,no_sharing,208.1831,96.1595,77.5091,48.6134,0.0021,28.6282,17.8831,18.6504,1775608618475462417
heartrate,no_sharing,208.3618,58.8312,56.8032,49.4631,0.0021,7.0587,1.3103,2.028,1775608618637615229
heartrate,no_sharing,208.7124,61.9304,59.786,58.0581,0.004,1.2054,1.1797,2.1444,1775608618988023434
heartrate,no_sharing,209.0044,83.9272,81.9082,77.1139,0.0037,4.2726,1.2181,2.019,1775608619280146314
heartrate,no_sharing,209.0763,66.0956,53.6267,47.7539,0.0019,5.5848,11.7428,12.4689,1775608619362570196
heartrate,no_sharing,209.2703,83.1685,80.9612,79.2097,0.0039,1.2369,1.2176,2.2073,1775608619546021748
heartrate,no_sharing,209.7748,56.082,53.9806,47.9769,0.0023,5.7121,1.4215,2.1014,1775608620050697639
heartrate,no_sharing,209.9357,87.7519,85.8875,41.7011,0.002,43.9219,1.2345,1.8644,1775608620211392373
heartrate,no_sharing,210.4028,87.3678,84.7522,80.1049,0.0041,4.138,1.5757,2.6156,1775608620678885416
heartrate,no_sharing,210.4245,158.5946,92.4425,49.8693,0.0019,42.2862,65.46,66.1521,1775608620764464736
heartrate,no_sharing,210.6031,89.0355,87.1592,39.4619,0.002,47.4542,1.1582,1.8763,1775608620878757858
heartrate,no_sharing,210.8396,54.049,51.5212,46.4263,0.0022,4.8308,1.4839,2.5278,1775608621115549240
heartrate,no_sharing,210.8442,131.6671,82.0287,44.175,0.002,37.5937,49.015,49.6384,1775608621167660002
heartrate,no_sharing,211.4611,94.8274,92.2324,90.4061,0.0046,1.277,1.6582,2.595,1775608621737279767
heartrate,no_sharing,211.752,92.9337,90.2929,88.449,0.0042,1.3046,1.5943,2.6408,1775608622028119208
heartrate,no_sharing,212.5679,60.2181,57.878,50.3768,0.0024,7.2161,1.617,2.3401,1775608622843993048
heartrate,no_sharing,213.158,50.4105,48.1652,41.6015,0.002,6.3066,1.4467,2.2453,1775608623433897704
heartrate,no_sharing,213.1971,59.4635,47.5823,46.6309,0.0022,0.6892,11.158,11.8812,1775608623482753225
heartrate,no_sharing,213.3958,82.5257,80.0769,54.1511,0.0024,25.6202,1.6768,2.4488,1775608623671963670
heartrate,no_sharing,213.4885,56.8936,54.7005,42.9249,0.0017,11.5477,1.4668,2.1931,1775608623764467269
heartrate,no_sharing,213.735,79.391,76.8257,75.306,0.0037,1.0939,1.6117,2.5653,1775608624011103286
heartrate,no_sharing,214.0178,79.0219,77.0122,40.755,0.0018,36.0231,1.2753,2.0097,1775608624293540246
heartrate,no_sharing,214.0941,64.4209,61.2005,35.654,0.0018,25.2889,2.552,3.2204,1775608624371178307
heartrate,no_sharing,214.1875,37.2984,35.1421,34.4284,0.0018,0.5085,1.3454,2.1563,1775608624463368817
heartrate,no_sharing,214.295,70.3506,68.2319,38.5476,0.0019,29.4522,1.41,2.1187,1775608624570902519
heartrate,no_sharing,214.3676,37.2972,35.1959,34.4811,0.0017,0.5153,1.3547,2.1013,1775608624643388277
heartrate,no_sharing,214.3781,61.9526,34.6852,33.978,0.0012,0.4921,26.5644,27.2674,1775608624679180150
heartrate,no_sharing,214.4423,49.6981,47.7551,34.3533,0.0013,13.1811,1.2882,1.943,1775608624718046029
heartrate,no_sharing,214.694,41.8842,39.7827,39.0072,0.0014,0.5557,1.3573,2.1015,1775608624969850418
heartrate,no_sharing,214.8066,52.3279,50.1586,48.5436,0.0016,0.6944,1.3533,2.1692,1775608625082479815
heartrate,no_sharing,215.0196,111.4171,109.2387,50.0791,0.0016,58.8807,1.3206,2.1784,1775608625295378977
heartrate,no_sharing,215.9646,91.764,89.0716,87.2642,0.003,1.251,1.6682,2.6924,1775608626240779902
heartrate,no_sharing,215.9935,120.7161,57.2329,56.2285,0.0016,0.706,62.6342,63.4832,1775608626330656514
heartrate,no_sharing,216.0916,79.6218,56.3284,46.6303,0.0016,9.4265,22.5234,23.2934,1775608626388559680
heartrate,no_sharing,216.5919,90.6429,88.2157,79.8611,0.0029,7.8352,1.4484,2.4272,1775608626867837750
heartrate,no_sharing,217.3008,56.9952,54.4762,53.457,0.0018,0.7115,1.7021,2.519,1775608627577000779
heartrate,no_sharing,217.434,72.5458,70.26,54.2229,0.0015,15.767,1.5831,2.2858,1775608627710063514
heartrate,no_sharing,217.6471,45.5613,43.3424,42.4407,0.0013,0.6571,1.3835,2.2189,1775608627922997584
heartrate,no_sharing,217.6777,60.7479,45.3152,44.4052,0.0016,0.6457,14.7622,15.4327,1775608627966982087
heartrate,no_sharing,218.6659,82.3042,79.8691,39.4648,0.0011,40.1815,1.4973,2.4351,1775608628941889418
heartrate,no_sharing,218.829,88.027,85.6694,79.5095,0.0024,5.6789,1.4629,2.3576,1775608629104969298
heartrate,no_sharing,218.8487,119.3285,50.2743,47.4665,0.0014,2.5491,68.2468,69.0542,1775608629191415144
heartrate,no_sharing,219.4946,94.049,91.3072,89.4592,0.0032,1.309,1.6677,2.7418,1775608629770758547
heartrate,no_sharing,219.6771,51.3258,48.9671,48.0202,0.0016,0.6553,1.5581,2.3587,1775608629953124030
heartrate,no_sharing,220.167,85.6597,83.1509,81.4668,0.0025,1.1894,1.497,2.5089,1775608630442932137
heartrate,no_sharing,220.3243,61.4827,59.1426,48.3193,0.0015,10.5114,1.5612,2.3401,1775608630600330472
heartrate,no_sharing,220.3412,104.2252,58.9773,43.4408,0.0015,15.256,44.5335,45.2479,1775608630660173468
heartrate,no_sharing,220.5415,53.8187,51.6022,44.7492,0.0016,6.5906,1.4734,2.2165,1775608630817475264
heartrate,no_sharing,220.6825,53.2172,51.1662,43.6776,0.0015,7.2066,1.2977,2.0509,1775608630958305893
heartrate,no_sharing,221.1671,61.4884,59.228,51.1368,0.0016,7.7967,1.472,2.2603,1775608631443096297
heartrate,no_sharing,221.5801,69.8149,67.3696,54.5555,0.0016,12.5155,1.6844,2.4453,1775608631856311824
heartrate,no_sharing,221.7557,49.8819,46.9304,46.0426,0.0014,0.6271,1.6527,2.9516,1775608632031827626
heartrate,no_sharing,221.9553,48.347,46.093,45.2444,0.0014,0.6064,1.5411,2.254,1775608632231324792
heartrate,no_sharing,222.0805,78.4459,76.0385,50.0768,0.0016,25.6836,1.6086,2.4074,1775608632356624570
heartrate,no_sharing,222.2032,49.1784,46.8608,45.7475,0.0019,0.7963,1.4577,2.3176,1775608632479104511
heartrate,no_sharing,222.3675,45.567,43.4426,42.606,0.0014,0.5969,1.3497,2.1245,1775608632643316535
heartrate,no_sharing,222.5243,71.9144,70.0371,42.7149,0.0014,27.0779,1.2035,1.8774,1775608632799952084
heartrate,no_sharing,222.808,91.629,88.9005,87.0323,0.003,1.3134,1.5626,2.7286,1775608633084069776
heartrate,no_sharing,222.8197,138.0794,57.6063,56.5921,0.0016,0.7046,79.5994,80.4731,1775608633173826414
heartrate,no_sharing,223.2469,85.2585,82.6887,80.9253,0.0029,1.2476,1.5616,2.5698,1775608633522943042
heartrate,no_sharing,223.82,57.8616,55.4862,46.5981,0.0015,7.9735,1.5571,2.3753,1775608634096062640
heartrate,no_sharing,223.8277,110.3184,59.4633,45.6565,0.0014,13.544,50.0383,50.8551,1775608634152199544
heartrate,no_sharing,223.88,114.4974,55.8628,43.8179,0.0015,11.7716,57.8032,58.6346,1775608634212308033
heartrate,no_sharing,224.2618,48.6724,46.2631,45.3726,0.0016,0.6279,1.5221,2.4093,1775608634537794140
heartrate,no_sharing,224.5122,46.4308,44.2906,43.4114,0.0014,0.6267,1.3485,2.1403,1775608634788002599
heartrate,no_sharing,224.5988,79.3211,77.3928,41.3478,0.0013,35.8246,1.2009,1.9284,1775608634874461157
heartrate,no_sharing,224.6738,68.043,62.4017,38.9438,0.0011,23.2497,4.1578,5.6413,1775608634952468869
heartrate,no_sharing,224.7775,53.6838,51.7463,45.3709,0.0022,6.0736,1.1487,1.9375,1775608635053173311
heartrate,no_sharing,224.9466,82.2237,80.0026,50.9898,0.0016,28.7169,1.4136,2.2211,1775608635222461524
heartrate,no_sharing,225.1993,65.4838,63.1269,51.5045,0.0025,11.1609,1.4074,2.3569,1775608635475201572
heartrate,no_sharing,225.3162,90.791,88.3449,78.7505,0.0029,9.0677,1.5161,2.4461,1775608635592223785
heartrate,no_sharing,225.3887,82.3867,63.4814,50.2915,0.0015,12.8963,18.1048,18.9053,1775608635681317461
heartrate,no_sharing,225.6357,46.881,44.8467,43.9564,0.0015,0.6352,1.2748,2.0342,1775608635911450881
heartrate,no_sharing,225.9824,57.4305,54.9759,53.9925,0.0016,0.6914,1.6372,2.4546,1775608636258532081
heartrate,no_sharing,226.0251,74.7142,59.3093,47.0782,0.0014,11.958,14.6651,15.4049,1775608636314227622
heartrate,no_sharing,226.0998,82.0675,80.1001,45.2613,0.0015,34.5854,1.2288,1.9674,1775608636375463953
heartrate,no_sharing,226.4088,66.6182,64.421,47.8845,0.0029,16.2156,1.411,2.1973,1775608636684677216
heartrate,no_sharing,226.4154,179.8363,119.2122,47.3421,0.0016,35.7956,59.9191,60.6241,1775608636749840883
heartrate,no_sharing,226.444,151.4127,119.2122,47.3421,0.0016,35.7956,31.3921,32.2005,1775608636749840883
heartrate,no_sharing,226.8291,73.1602,70.7274,69.299,0.0025,1.0051,1.5137,2.4327,1775608637105077488
heartrate,no_sharing,226.9094,86.8802,84.5408,63.8007,0.0021,20.3455,1.5023,2.3394,1775608637185412716
heartrate,no_sharing,227.1114,73.4487,70.9951,68.5097,0.0023,2.0584,1.5264,2.4536,1775608637387377833
heartrate,no_sharing,227.4902,55.0785,52.7043,47.6954,0.0016,4.7117,1.6108,2.3742,1775608637766316642
heartrate,no_sharing,227.6683,57.3506,55.0824,43.913,0.0015,10.8897,1.4262,2.2683,1775608637944178822
heartrate,no_sharing,227.9862,47.754,45.5141,44.5651,0.0015,0.6443,1.4906,2.2399,1775608638262138632
heartrate,no_sharing,228.1048,46.3104,44.2451,43.3291,0.0015,0.6379,1.317,2.0653,1775608638380586582
heartrate,no_sharing,228.2914,57.9286,55.2856,54.2522,0.0017,0.7238,1.745,2.643,1775608638567624866
heartrate,no_sharing,228.3391,62.2187,51.2065,47.048,0.0014,3.89,9.9397,11.0122,1775608638623530395
heartrate,no_sharing,228.4517,57.636,55.8301,40.5525,0.0013,15.0379,1.1494,1.8059,1775608638727327072
heartrate,no_sharing,228.9762,49.1958,47.1013,40.9486,0.0014,5.9137,1.3552,2.0945,1775608639252062238
heartrate,no_sharing,229.6363,59.3302,56.9387,50.4153,0.0015,6.2312,1.6356,2.3915,1775608639912453006
heartrate,no_sharing,229.7038,61.0247,58.7703,50.0228,0.0027,8.2738,1.3225,2.2543,1775608639979602039
heartrate,no_sharing,229.9253,87.1305,84.6678,80.7287,0.003,2.3011,1.4901,2.4627,1775608640201240077
heartrate,no_sharing,230.3269,71.7866,69.4301,53.6372,0.0016,15.505,1.5812,2.3566,1775608640602918372
heartrate,no_sharing,230.3755,136.5206,112.8101,49.6426,0.0015,62.908,22.9897,23.7106,1775608640672951257
heartrate,no_sharing,230.7229,57.5039,55.2323,52.2545,0.002,2.6118,1.354,2.2716,1775608640998710598
heartrate,no_sharing,230.7675,59.5105,46.1334,45.2232,0.0014,0.6354,12.6176,13.377,1775608641054629980
heartrate,no_sharing,230.8231,48.9714,44.4383,43.5316,0.0014,0.6434,3.7715,4.5331,1775608641101387693
heartrate,no_sharing,230.9268,57.0774,55.0133,47.6785,0.0014,7.077,1.3611,2.0641,1775608641202662164
heartrate,no_sharing,230.9712,59.31,45.9752,45.0709,0.0015,0.6385,12.6855,13.3348,1775608641258347059
heartrate,no_sharing,231.169,48.7659,46.6683,45.7705,0.0015,0.6387,1.3621,2.0976,1775608641444873797
heartrate,no_sharing,231.3256,54.7333,52.3178,51.4141,0.0014,0.6343,1.5295,2.4154,1775608641601613268
heartrate,no_sharing,231.3291,109.2567,57.4701,43.3271,0.0013,13.8945,51.0857,51.7866,1775608641654716573
heartrate,no_sharing,232.0691,87.5266,84.8827,82.8184,0.0028,1.5334,1.626,2.6439,1775608642345218668
heartrate,no_sharing,232.0768,219.4152,138.6037,54.3434,0.0013,41.974,79.5894,80.8115,1775608642430902096
heartrate,no_sharing,232.1109,185.4193,138.6037,54.3434,0.0013,41.974,45.557,46.8156,1775608642430902096
heartrate,no_sharing,232.2568,117.8908,77.8427,76.1712,0.0027,1.1689,39.1219,40.0482,1775608642570382468
heartrate,no_sharing,232.3215,102.2742,48.5736,47.3563,0.0014,0.9314,53.0362,53.7006,1775608642649002150
heartrate,no_sharing,232.6428,50.8225,48.6761,47.7539,0.0015,0.656,1.3742,2.1464,1775608642918674596
heartrate,no_sharing,232.8527,57.204,54.7959,53.726,0.0016,0.774,1.6122,2.4081,1775608643128762797
heartrate,no_sharing,232.9625,47.5144,45.2377,44.3409,0.0016,0.6388,1.2677,2.2767,1775608643238258104
heartrate,no_sharing,232.9729,82.0446,44.5199,43.571,0.0014,0.6397,36.7959,37.5247,1775608643284184802
heartrate,no_sharing,233.1339,60.1799,58.159,43.6164,0.0013,14.2798,1.2941,2.0209,1775608643409626912
heartrate,no_sharing,233.4759,82.0549,79.8084,60.6566,0.0019,18.8111,1.4112,2.2465,1775608643751797724
heartrate,no_sharing,234.0069,60.8404,58.4526,51.4785,0.0016,6.6798,1.6239,2.3878,1775608644283039105
heartrate,no_sharing,234.0156,99.669,46.8788,45.9781,0.0016,0.625,52.022,52.7901,1775608644342100331
heartrate,no_sharing,234.1751,47.1814,45.1538,44.2637,0.0015,0.6221,1.2181,2.0276,1775608644450799626
heartrate,no_sharing,234.2065,73.5323,57.1705,44.1496,0.0014,12.762,15.6343,16.3619,1775608644496626753
heartrate,no_sharing,234.7541,44.106,41.8298,41.0364,0.0012,0.54,1.5199,2.2762,1775608645030061250
heartrate,no_sharing,235.1796,91.8002,89.5389,40.0143,0.0011,49.3017,1.3227,2.2613,1775608645455384032
heartrate,no_sharing,235.3231,82.1526,79.9552,42.538,0.0013,37.1715,1.4436,2.1974,1775608645598996957
heartrate,no_sharing,235.5975,72.3574,70.4287,39.5831,0.0013,30.5988,1.3306,1.9287,1775608645873272127
heartrate,no_sharing,235.7487,60.9605,58.8834,57.6044,0.002,0.8947,1.2364,2.0771,1775608646024437702
heartrate,no_sharing,235.9063,49.727,47.6976,39.3266,0.0012,8.1507,1.2717,2.0294,1775608646182055273
heartrate,no_sharing,236.364,42.9926,40.8601,38.3947,0.0013,1.7056,1.4043,2.1325,1775608646639895822
heartrate,no_sharing,236.609,95.1297,93.0405,56.5009,0.0017,36.2165,1.2953,2.0892,1775608646884795987
heartrate,no_sharing,236.6104,176.1582,81.989,44.5964,0.0013,37.1288,93.5519,94.1692,1775608646978481257
heartrate,no_sharing,236.782,84.372,78.9417,43.7682,0.0014,34.9237,4.5853,5.4303,1775608647061097082
heartrate,no_sharing,236.9352,54.939,52.7963,44.7203,0.0015,7.8155,1.3511,2.1427,1775608647211072792
heartrate,no_sharing,237.0331,59.3889,57.378,44.5116,0.0015,12.6041,1.3392,2.0109,1775608647308898642
heartrate,no_sharing,237.067,68.0623,41.8469,40.9663,0.0015,0.621,25.4743,26.2154,1775608647366908272
heartrate,no_sharing,237.3964,61.1849,59.0146,52.596,0.0017,6.1255,1.4479,2.1703,1775608647672305976
heartrate,no_sharing,237.5281,53.2444,50.9108,49.9409,0.0017,0.6784,1.5211,2.3335,1775608647804110104
heartrate,no_sharing,237.7132,79.0336,76.6452,74.8044,0.003,1.3172,1.3933,2.3884,1775608647989085736
heartrate,no_sharing,238.3111,93.7297,91.1342,86.61,0.0029,3.9706,1.6069,2.5956,1775608648587156543
heartrate,no_sharing,238.8975,50.4529,48.2395,45.3001,0.0016,2.6507,1.5008,2.2134,1775608649173498837
heartrate,no_sharing,238.96,56.5581,54.5714,45.0561,0.0015,9.2483,1.2681,1.9867,1775608649235797154
heartrate,no_sharing,239.1034,49.6981,47.3607,46.4519,0.0015,0.6465,1.5261,2.3374,1775608649379439463
heartrate,no_sharing,239.1743,53.0829,50.8632,45.7448,0.0016,4.8487,1.4989,2.2198,1775608649450320897
heartrate,no_sharing,239.181,103.9536,56.8611,46.7281,0.0015,9.8667,46.3831,47.0925,1775608649501841469
heartrate,no_sharing,239.519,88.5372,86.5838,42.8425,0.0014,43.4838,1.2648,1.9534,1775608649794709149
heartrate,no_sharing,239.7486,90.9598,88.4309,45.2225,0.0014,42.9286,1.7209,2.5289,1775608650024778629
heartrate,no_sharing,239.9797,51.8606,49.4584,43.5872,0.0013,5.6238,1.5028,2.4022,1775608650255653663
heartrate,no_sharing,239.9884,140.6,96.8785,41.1919,0.0012,55.4608,42.9561,43.7214,1775608650305801578
heartrate,no_sharing,240.0561,159.807,86.3584,41.3794,0.0012,44.7728,72.5977,73.4486,1775608650403203136
heartrate,no_sharing,240.2152,56.2749,54.2811,37.995,0.0014,16.0508,1.1942,1.9938,1775608650490860984
heartrate,no_sharing,240.2423,111.7058,81.9983,40.8083,0.0013,40.9496,28.9214,29.7075,1775608650545716229
heartrate,no_sharing,240.3668,44.9567,42.7202,39.3164,0.0014,3.1631,1.3475,2.2365,1775608650642619895
heartrate,no_sharing,240.5217,50.4873,48.3338,43.2921,0.0016,4.7856,1.374,2.1534,1775608650797510496
heartrate,no_sharing,240.6067,46.6719,44.4138,43.5276,0.0015,0.6218,1.4093,2.2581,1775608650882576719
heartrate,no_sharing,240.7003,49.5889,46.5522,44.3764,0.0015,1.9163,2.1746,3.0368,1775608650976915070
heartrate,no_sharing,240.7468,54.5957,50.9758,44.2189,0.0016,6.501,2.7182,3.6199,1775608651024015621
heartrate,no_sharing,240.761,86.7445,45.8149,44.9186,0.0015,0.6387,40.0984,40.9297,1775608651075623712
heartrate,no_sharing,240.8856,50.9622,48.6618,45.2832,0.0014,3.1158,1.4489,2.3004,1775608651161577064
heartrate,no_sharing,241.4732,73.766,71.5248,70.0093,0.0027,1.0428,1.4074,2.2412,1775608651749120200
heartrate,no_sharing,241.529,95.8745,77.2044,47.2131,0.0015,29.7226,17.8149,18.6702,1775608651821340987
heartrate,no_sharing,241.6142,56.7744,45.5723,44.696,0.0015,0.6295,10.4275,11.2021,1775608651899090499
heartrate,no_sharing,241.8209,85.8326,83.0243,81.1551,0.0026,1.3879,1.6057,2.8083,1775608652096991842
heartrate,no_sharing,241.8266,144.2511,63.2614,59.4753,0.0014,1.7457,79.9932,80.9897,1775608652181080389
heartrate,no_sharing,241.9043,66.6242,63.2614,59.4753,0.0014,1.7457,2.3437,3.3627,1775608652181080389
heartrate,no_sharing,242.0665,56.6566,54.2853,47.0871,0.0015,6.9201,1.4932,2.3713,1775608652342433230
heartrate,no_sharing,242.1219,47.5924,45.184,44.2911,0.0016,0.6247,1.5121,2.4084,1775608652397856082
heartrate,no_sharing,242.3144,76.8681,74.405,66.5949,0.0023,7.4166,1.5066,2.4631,1775608652590344195
heartrate,no_sharing,242.6171,75.1274,72.8045,44.5668,0.0014,27.9684,1.457,2.3228,1775608652893040706
heartrate,no_sharing,242.6388,137.8839,83.8724,40.9845,0.0013,42.6429,53.1683,54.0115,1775608652966468116
heartrate,no_sharing,242.9207,69.5579,67.1383,65.6925,0.0023,0.9993,1.5116,2.4196,1775608653196670336
heartrate,no_sharing,243.2688,93.169,90.6585,88.9456,0.003,1.2,1.5948,2.5105,1775608653544920712
heartrate,no_sharing,243.2836,141.9284,62.3974,59.5439,0.0015,1.2802,78.3567,79.531,1775608653636394203
heartrate,no_sharing,243.3458,79.6866,62.3974,59.5439,0.0015,1.2802,16.0918,17.2892,1775608653636394203
heartrate,no_sharing,243.4159,83.4081,73.4309,43.7322,0.0014,29.4463,9.1445,9.9772,1775608653699547001
heartrate,no_sharing,243.7336,80.3459,77.3341,75.2522,0.0122,1.3659,1.5483,3.0117,1775608654009593329
heartrate,no_sharing,244.8746,73.842,71.0028,49.2974,0.0016,21.4092,1.9586,2.8393,1775608655151058785
heartrate,no_sharing,244.8873,106.5543,44.7867,43.2857,0.0015,1.2258,60.9667,61.7676,1775608655222728090
heartrate,no_sharing,244.9587,93.8122,58.0543,39.2118,0.0014,18.6186,34.9181,35.7579,1775608655268059061
heartrate,no_sharing,245.2809,75.2463,72.7503,71.2951,0.0025,1.0409,1.5037,2.496,1775608655556858816
heartrate,no_sharing,245.3438,65.0654,52.0433,51.0427,0.0017,0.6969,12.0802,13.0221,1775608655630405381
heartrate,no_sharing,245.5051,60.6856,58.3105,57.1547,0.0019,0.8045,1.3857,2.3751,1775608655780948525
heartrate,no_sharing,245.5087,156.6014,98.8538,49.9989,0.0015,23.9607,56.7853,57.7477,1775608655840016739
heartrate,no_sharing,245.5344,131.0966,98.8538,49.9989,0.0015,23.9607,31.1339,32.2428,1775608655840016739
heartrate,no_sharing,245.593,118.4597,45.4238,44.5498,0.0016,0.6239,72.2041,73.0359,1775608655939653091
heartrate,no_sharing,246.1088,75.4955,73.3508,48.6053,0.0017,24.4663,1.3468,2.1447,1775608656384615238
heartrate,no_sharing,246.1603,74.218,49.5639,48.6167,0.0015,0.329,23.8469,24.6542,1775608656458638087
heartrate,no_sharing,246.182,52.6569,49.5639,48.6167,0.0015,0.329,2.1572,3.093,1775608656458638087
heartrate,no_sharing,246.4705,95.9229,93.3311,89.1163,0.0028,3.6892,1.6558,2.5918,1775608656746634442
heartrate,no_sharing,246.711,57.7576,55.3512,53.678,0.0027,1.1898,1.4338,2.4065,1775608656986886810
heartrate,no_sharing,246.8386,46.8435,44.6018,43.6951,0.0015,0.623,1.493,2.2418,1775608657114582542
heartrate,no_sharing,246.9457,59.1283,56.8348,47.6094,0.0016,8.9594,1.5144,2.2935,1775608657221664950
heartrate,no_sharing,247.0602,53.7019,51.5616,45.1575,0.0014,6.1529,1.3287,2.1403,1775608657336024824
heartrate,no_sharing,247.0896,86.0009,61.0843,44.8061,0.0015,16.0053,24.2374,24.9167,1775608657388298565
heartrate,no_sharing,247.5477,60.5466,58.0945,55.5922,0.0018,2.1706,1.4999,2.4521,1775608657823673552
heartrate,no_sharing,248.0099,87.1542,84.7062,77.7681,0.0029,6.4379,1.4882,2.4479,1775608658285913724
heartrate,no_sharing,248.0776,77.5657,57.4182,49.3812,0.0015,7.7746,19.2702,20.1475,1775608658371377019
heartrate,no_sharing,248.2605,82.9921,80.611,78.824,0.0028,1.2873,1.4806,2.3811,1775608658536449773
heartrate,no_sharing,249.3044,51.6782,49.1782,48.2083,0.0015,0.6696,1.6067,2.5,1775608659580532880
heartrate,no_sharing,249.3361,67.9798,47.4286,45.0794,0.0014,2.0807,19.7542,20.5512,1775608659630382203
heartrate,no_sharing,249.4684,71.3251,69.063,42.0254,0.0015,26.7856,1.3824,2.2621,1775608659744264894
heartrate,no_sharing,249.5676,63.1328,60.8532,42.0905,0.0014,18.5168,1.3845,2.2796,1775608659843466344
heartrate,no_sharing,249.838,95.017,92.5499,60.8277,0.0018,31.3807,1.5397,2.4671,1775608660113980704
heartrate,no_sharing,250.3703,57.8644,55.2517,54.2038,0.0017,0.7296,1.7002,2.6127,1775608660646445935
heartrate,no_sharing,250.401,77.9235,49.8792,48.3371,0.0015,0.6213,26.9709,28.0444,1775608660702431855
heartrate,no_sharing,250.401,77.9114,49.8792,48.3371,0.0015,0.6213,26.9365,28.0322,1775608660702431855
heartrate,no_sharing,250.717,73.457,71.0317,65.3996,0.0027,5.1324,1.5168,2.4253,1775608660993018457
heartrate,no_sharing,251.0039,55.9294,53.5369,44.0863,0.0014,9.166,1.4868,2.3925,1775608661279876431
heartrate,no_sharing,251.4523,56.5622,54.137,52.0473,0.0017,1.806,1.5261,2.4251,1775608661728324110
heartrate,no_sharing,251.461,118.0243,69.7,46.4487,0.0014,22.996,47.6065,48.3244,1775608661783123598
heartrate,no_sharing,251.8577,92.7055,90.12,84.5033,0.0029,5.091,1.626,2.5855,1775608662133770962
heartrate,no_sharing,252.8071,92.0413,89.3625,87.5432,0.003,1.2522,1.7264,2.6788,1775608663083320859
heartrate,no_sharing,252.8446,108.1884,52.9061,51.9362,0.0016,0.6741,54.3673,55.2823,1775608663173446781
heartrate,no_sharing,253.16,76.7462,74.3624,53.9319,0.0017,20.1345,1.5688,2.3838,1775608663436059804
heartrate,no_sharing,253.2124,164.1228,139.0326,77.4823,0.0022,30.5575,24.1041,25.0902,1775608663511003231
heartrate,no_sharing,253.2201,156.4357,139.0326,77.4823,0.0022,30.5575,16.3946,17.4031,1775608663511003231
heartrate,no_sharing,253.244,334.8567,201.1321,47.3599,0.0015,38.3664,132.3435,133.7247,1775608663650780033
heartrate,no_sharing,253.2526,326.2196,201.1321,47.3599,0.0015,38.3664,123.6832,125.0875,1775608663650780033
heartrate,no_sharing,253.2723,306.7017,201.1321,47.3599,0.0015,38.3664,104.0335,105.5696,1775608663650780033
heartrate,no_sharing,253.355,223.9628,201.1321,47.3599,0.0015,38.3664,21.26,22.8307,1775608663650780033
heartrate,no_sharing,253.3812,255.0111,56.7517,44.3511,0.0015,12.1479,197.3598,198.2594,1775608663853015309
heartrate,no_sharing,253.652,68.9075,66.6776,43.5705,0.0015,22.8519,1.3952,2.2299,1775608663927846352
heartrate,no_sharing,253.714,83.5762,76.044,45.694,0.0014,30.0835,6.6831,7.5322,1775608663995174397
heartrate,no_sharing,253.9557,50.1339,47.4931,44.5485,0.0015,2.6736,1.3862,2.6409,1775608664231591673
heartrate,no_sharing,254.1629,47.8511,45.6095,44.7083,0.0015,0.6433,1.3578,2.2415,1775608664438758082
heartrate,no_sharing,254.3381,57.3406,54.7439,53.7675,0.0017,0.6828,1.6949,2.5967,1775608664614242884
heartrate,no_sharing,254.3398,105.3917,49.0981,46.9546,0.0016,1.8733,55.3954,56.2937,1775608664669670681
heartrate,no_sharing,254.4554,46.7324,44.5308,43.6249,0.0014,0.6459,1.3785,2.2016,1775608664731239433
heartrate,no_sharing,254.6031,65.6104,63.0042,44.2499,0.0015,18.4964,1.6844,2.6062,1775608664879285719
heartrate,no_sharing,255.0074,53.3607,50.8561,45.9377,0.0015,4.6235,1.5604,2.5046,1775608665283477265
heartrate,no_sharing,255.3541,68.8283,66.4661,47.2524,0.0015,18.9454,1.5051,2.3623,1775608665630049451
heartrate,no_sharing,255.7421,91.7957,89.167,87.402,0.0029,1.2426,1.6556,2.6287,1775608666018264614
heartrate,no_sharing,255.8618,93.4548,91.1718,45.7859,0.0014,45.1067,1.5426,2.283,1775608666137850050
heartrate,no_sharing,255.8675,163.609,75.1738,45.2141,0.0015,29.7006,87.5323,88.4353,1775608666229522387
heartrate,no_sharing,255.9605,117.7094,46.6508,44.7934,0.0015,1.5944,70.282,71.0586,1775608666305239380
heartrate,no_sharing,256.5171,61.4541,58.9428,55.399,0.0018,3.2143,1.5481,2.5112,1775608666793163580
heartrate,no_sharing,256.5478,84.7793,53.4242,45.4453,0.0015,7.707,30.4863,31.3551,1775608666852785716
heartrate,no_sharing,257.4061,52.4888,50.0699,49.1226,0.0016,0.6654,1.5485,2.4189,1775608667682089798
heartrate,no_sharing,257.4778,48.7297,46.4001,45.4999,0.0016,0.6322,1.4482,2.3295,1775608667753700139
heartrate,no_sharing,257.7109,75.9192,73.3399,71.4933,0.0031,1.3152,1.5056,2.5793,1775608667986839210
heartrate,no_sharing,258.2489,54.7223,52.5243,39.192,0.0013,12.5645,1.3351,2.198,1775608668524674352
heartrate,no_sharing,258.3746,44.8956,42.5606,39.6615,0.0013,2.6699,1.4362,2.335,1775608668650528869
heartrate,no_sharing,258.6653,52.2187,49.8778,41.7975,0.0014,7.826,1.4503,2.3408,1775608668941225027
heartrate,no_sharing,258.8556,84.6808,82.1983,80.569,0.0026,1.1691,1.5976,2.4825,1775608669131728043
heartrate,no_sharing,259.1167,58.4393,55.8769,53.2092,0.0019,2.3536,1.6284,2.5623,1775608669392789500
heartrate,no_sharing,259.1983,51.9485,49.7113,45.6068,0.0016,3.8524,1.3385,2.2373,1775608669474137699
heartrate,no_sharing,259.4528,63.144,60.9603,43.1543,0.0015,17.5573,1.3466,2.1837,1775608669728658685
heartrate,no_sharing,259.5304,44.1253,41.8899,41.0223,0.0015,0.6168,1.3642,2.2354,1775608669806207693
heartrate,no_sharing,259.553,67.9259,45.8508,43.24,0.0015,2.3463,21.2088,22.0751,1775608669848708812
heartrate,no_sharing,259.5847,85.8688,49.0585,39.2137,0.0012,9.635,35.9375,36.8103,1775608669895097270
heartrate,no_sharing,260.0216,84.3782,82.2018,54.9041,0.0018,26.9588,1.3428,2.1764,1775608670297468149
heartrate,no_sharing,260.3126,87.3833,84.7856,82.4021,0.0029,1.8725,1.6146,2.5977,1775608670588676686
heartrate,no_sharing,260.3473,122.2014,68.8876,47.7246,0.0016,20.9034,52.4213,53.3138,1775608670674203078
heartrate,no_sharing,260.5415,64.3344,62.0554,43.63,0.0016,18.1558,1.4167,2.279,1775608670817367640
heartrate,no_sharing,260.6932,47.5481,45.271,44.3725,0.0015,0.6407,1.3969,2.2771,1775608670969121516
heartrate,no_sharing,260.8263,47.1942,44.9703,43.4727,0.0015,1.2314,1.4119,2.224,1775608671102170411
heartrate,no_sharing,261.0931,60.8418,58.5832,44.31,0.0016,14.0084,1.3216,2.2586,1775608671368871148
heartrate,no_sharing,261.2953,88.1007,85.5884,83.7201,0.0031,1.309,1.4849,2.5123,1775608671571315022
heartrate,no_sharing,261.308,170.2275,93.9667,92.2104,0.0028,0.611,75.1367,76.2609,1775608671657646513
heartrate,no_sharing,261.3187,159.5929,93.9667,92.2104,0.0028,0.611,64.4782,65.6262,1775608671657646513
heartrate,no_sharing,261.7433,44.5552,42.1887,40.5631,0.0014,1.3248,1.4458,2.3665,1775608672019278200
heartrate,no_sharing,261.9154,46.0715,44.08,42.3111,0.0015,1.5178,1.0817,1.9915,1775608672190924180
heartrate,no_sharing,261.9636,59.0584,56.8382,42.9038,0.0013,13.6887,1.3115,2.2202,1775608672239390619
heartrate,no_sharing,261.9899,82.1416,48.7051,43.5385,0.0013,2.4571,32.3744,33.4366,1775608672296785051
heartrate,no_sharing,262.0006,71.5075,48.7051,43.5385,0.0013,2.4571,21.7183,22.8024,1775608672296785051
heartrate,no_sharing,262.3269,60.509,58.2487,56.35,0.002,1.5032,1.3738,2.2602,1775608672602712250
heartrate,no_sharing,262.6674,72.258,69.6515,68.2618,0.0026,0.9922,1.5972,2.6065,1775608672943528012
heartrate,no_sharing,263.3226,78.3536,76.0414,40.8857,0.0014,34.8837,1.4362,2.3123,1775608673598504365
heartrate,no_sharing,263.5392,57.7219,55.5413,40.7245,0.0017,14.56,1.2915,2.1805,1775608673814984092
heartrate,no_sharing,263.8627,48.7845,46.5225,45.6436,0.0014,0.6083,1.478,2.262,1775608674138709163
heartrate,no_sharing,264.1752,41.4932,39.2578,38.4368,0.0014,0.5563,1.364,2.2354,1775608674451017369
heartrate,no_sharing,264.2455,58.0268,55.7723,39.0674,0.0014,16.4393,1.3568,2.2545,1775608674521326575
heartrate,no_sharing,264.6072,46.7088,44.3772,42.6558,0.0013,1.4248,1.4627,2.3316,1775608674883179851
heartrate,no_sharing,264.6249,82.0031,52.3505,41.2367,0.0012,10.8678,28.7673,29.6526,1775608674928164103
heartrate,no_sharing,264.9315,72.685,70.6569,63.6976,0.0022,6.5395,1.1249,2.0281,1775608675207133720
heartrate,no_sharing,264.986,79.8757,61.0542,46.2191,0.0016,14.5792,17.9408,18.8215,1775608675278432302
heartrate,no_sharing,265.1857,49.2833,47.068,43.4859,0.0016,3.3128,1.3418,2.2152,1775608675461519478
heartrate,no_sharing,265.6138,95.9821,93.5643,52.239,0.0018,41.0327,1.5521,2.4178,1775608675889849436
heartrate,no_sharing,265.6554,138.0777,82.9989,58.8282,0.0027,23.6701,54.1131,55.0788,1775608675984036833
heartrate,no_sharing,266.0203,81.7814,79.304,77.6306,0.0027,1.1314,1.5836,2.4774,1775608676296334569
heartrate,no_sharing,266.1133,82.2067,79.835,78.1087,0.0026,1.2126,1.404,2.3718,1775608676389146066
heartrate,no_sharing,266.9565,45.7754,43.391,42.4236,0.0016,0.6524,1.4467,2.3844,1775608677232470273
heartrate,no_sharing,267.0976,55.2011,52.726,51.7254,0.0016,0.7093,1.5478,2.475,1775608677373610312
heartrate,no_sharing,267.197,51.4812,49.1786,46.4388,0.0027,1.1796,1.3299,2.3027,1775608677472792551
heartrate,no_sharing,267.2289,69.86,49.6263,43.4714,0.0014,5.8785,19.3315,20.2337,1775608677522748098
heartrate,no_sharing,267.9634,93.6384,91.0175,89.1768,0.0033,1.3031,1.647,2.621,1775608678239530439
heartrate,no_sharing,268.0439,72.5963,58.7073,55.2758,0.0015,3.1445,12.9912,13.889,1775608678331344506
heartrate,no_sharing,268.0582,107.2266,48.2986,46.1252,0.0015,1.9164,58.0113,58.928,1775608678390712190
heartrate,no_sharing,268.1357,82.9113,52.5546,43.9274,0.0015,8.371,29.4797,30.3567,1775608678439627738
heartrate,no_sharing,268.1766,95.5527,52.9347,51.7953,0.0019,0.8105,41.6775,42.618,1775608678492804877
heartrate,no_sharing,268.2464,85.7759,59.3933,58.1795,0.002,0.87,25.461,26.3825,1775608678546314292
heartrate,no_sharing,268.5426,69.0706,66.6508,62.6133,0.0019,3.6854,1.4968,2.4198,1775608678818613481
heartrate,no_sharing,268.5572,117.6791,62.5655,49.601,0.0016,12.6836,54.2982,55.1136,1775608678886001048
heartrate,no_sharing,268.6239,109.0436,57.4957,43.9176,0.0017,13.2902,50.864,51.5479,1775608678949215799
heartrate,no_sharing,268.8636,62.9258,60.6594,59.541,0.0019,0.7824,1.4575,2.2664,1775608679139498244
heartrate,no_sharing,269.5208,82.773,80.3513,78.629,0.0026,1.2178,1.4598,2.4217,1775608679796734585
heartrate,no_sharing,269.6445,50.806,48.5389,44.6551,0.0015,3.6024,1.5318,2.2672,1775608679920519843
heartrate,no_sharing,269.7655,45.6204,43.4394,42.5363,0.0014,0.6161,1.4682,2.181,1775608680041435454
heartrate,no_sharing,270.1794,91.311,89.5447,41.9271,0.0014,47.3606,1.1222,1.7662,1775608680455025600
heartrate,no_sharing,270.6146,47.3826,45.0625,44.1285,0.0014,0.6426,1.4834,2.3201,1775608680890555848
heartrate,no_sharing,270.6532,55.7082,46.4311,45.515,0.0014,0.644,8.4569,9.2771,1775608680936162868
heartrate,no_sharing,270.6761,88.3985,54.8173,53.2388,0.0026,1.117,32.5458,33.5812,1775608680983143816
heartrate,no_sharing,270.7531,69.7193,57.694,45.3846,0.0043,11.9669,11.0843,12.0253,1775608681038683177
heartrate,no_sharing,270.9808,49.8416,47.7217,45.4053,0.0015,2.0502,1.2364,2.12,1775608681256497646
heartrate,no_sharing,271.1524,61.8052,59.7306,39.9107,0.0014,19.5603,1.2608,2.0746,1775608681428184907
heartrate,no_sharing,271.199,61.9493,46.0718,45.2052,0.0014,0.6125,15.1353,15.8775,1775608681488607911
heartrate,no_sharing,271.2751,52.4383,50.413,42.9774,0.0014,7.1831,1.2555,2.0253,1775608681550866834
heartrate,no_sharing,271.3978,57.6916,55.6246,47.2446,0.0015,8.1208,1.3492,2.067,1775608681673681249
heartrate,no_sharing,271.434,113.2114,90.9788,39.2293,0.0012,51.5266,21.4796,22.2326,1775608681729934720
heartrate,no_sharing,271.5156,86.211,54.1044,39.0108,0.0011,14.8916,31.3711,32.1065,1775608681821438943
heartrate,no_sharing,271.5533,83.7417,34.6258,33.9031,0.0012,0.4989,48.4242,49.1158,1775608681876210194
heartrate,no_sharing,271.7988,47.5912,45.6231,44.7422,0.0014,0.6217,1.204,1.9681,1775608682074447997
heartrate,no_sharing,271.8676,45.2199,43.2582,42.3856,0.0015,0.6034,1.2386,1.9617,1775608682143273331
heartrate,no_sharing,271.9384,54.3735,52.6019,39.9787,0.0014,12.3644,1.1389,1.7716,1775608682214035983
heartrate,no_sharing,272.2291,87.8105,85.5774,67.712,0.0026,16.4403,1.3318,2.2331,1775608682504882794
heartrate,no_sharing,272.3993,48.2764,46.055,45.1369,0.0014,0.6379,1.4951,2.2214,1775608682675245250
heartrate,no_sharing,272.8617,89.6089,87.477,45.1139,0.0014,42.0799,1.5316,2.1319,1775608683137683183
heartrate,no_sharing,273.2266,82.1457,79.5743,77.8193,0.003,1.2343,1.6081,2.5714,1775608683502672669
heartrate,no_sharing,273.6888,61.2721,58.7584,56.9752,0.0028,1.2369,1.5452,2.5137,1775608683964837755
heartrate,no_sharing,273.7872,59.9322,57.4633,54.9784,0.0016,2.1789,1.6065,2.4689,1775608684063333076
heartrate,no_sharing,273.8353,93.3456,81.0342,48.9174,0.0014,31.8433,11.7102,12.3114,1775608684121471057
heartrate,no_sharing,273.9815,62.9361,61.0654,41.388,0.0013,19.422,1.2379,1.8706,1775608684257174848
heartrate,no_sharing,274.028,82.6397,65.6263,38.8011,0.0012,26.5931,16.2725,17.0134,1775608684318802761
heartrate,no_sharing,274.2951,70.9009,68.9935,45.4958,0.0015,23.228,1.2009,1.9074,1775608684570760973
heartrate,no_sharing,274.6827,83.2982,81.3241,37.6999,0.0013,43.388,1.157,1.9742,1775608684958383507
heartrate,no_sharing,274.7321,75.3357,40.7496,36.6483,0.0011,3.8839,33.8697,34.5862,1775608685040452038
heartrate,no_sharing,276.0125,42.1221,39.8807,38.2471,0.0012,1.3762,1.4653,2.2415,1775608686288497099
heartrate,no_sharing,276.1811,50.771,48.4666,39.1753,0.0013,9.0433,1.3266,2.3044,1775608686456939898
heartrate,no_sharing,276.2007,147.8376,116.3342,41.8064,0.001,37.1465,30.7426,31.5034,1775608686505954550
heartrate,no_sharing,276.2075,141.1691,116.3342,41.8064,0.001,37.1465,23.9801,24.8349,1775608686505954550
heartrate,no_sharing,276.231,260.4203,141.5825,40.8769,0.0012,50.2251,117.6918,118.8378,1775608686623156278
heartrate,no_sharing,276.2728,218.6661,141.5825,40.8769,0.0012,50.2251,75.9146,77.0835,1775608686623156278
heartrate,no_sharing,276.5086,80.755,78.6972,35.9932,0.0012,42.494,1.353,2.0578,1775608686784463452
heartrate,no_sharing,276.5965,36.2558,34.538,33.8335,0.0011,0.5009,1.0226,1.7178,1775608686872011971
heartrate,no_sharing,276.6399,48.9364,47.0188,34.3577,0.0012,12.4154,1.2867,1.9176,1775608686915717238
heartrate,no_sharing,276.8435,41.9424,40.228,39.37,0.0013,0.5938,1.1148,1.7143,1775608687119123295
heartrate,no_sharing,276.9288,60.6053,58.8035,42.4811,0.0014,16.076,1.0788,1.8017,1775608687204312561
heartrate,no_sharing,277.0419,75.3078,73.5177,42.8193,0.0014,30.4573,1.106,1.7901,1775608687317479503
heartrate,no_sharing,277.0719,148.0122,102.1902,42.9404,0.0013,59.0009,45.2023,45.822,1775608687391617419
heartrate,no_sharing,277.2446,58.8067,56.8642,43.075,0.0015,13.5243,1.1973,1.9425,1775608687520311467
heartrate,no_sharing,277.6276,52.7153,50.5861,47.8482,0.0015,2.4675,1.4286,2.1292,1775608687903484049
heartrate,no_sharing,277.9941,66.3695,64.0285,46.5617,0.0014,17.1823,1.5087,2.3411,1775608688270106575
heartrate,no_sharing,278.0108,123.8496,73.3621,47.292,0.0013,12.8924,49.5245,50.4875,1775608688334761882
heartrate,no_sharing,278.0309,103.7731,73.3621,47.292,0.0013,12.8924,29.4275,30.411,1775608688334761882
heartrate,no_sharing,278.0916,92.4435,48.9882,43.8376,0.0015,4.87,42.7327,43.4552,1775608688408841285
heartrate,no_sharing,278.4761,67.6246,65.4122,63.7988,0.0022,1.2201,1.3919,2.2124,1775608688752003248
heartrate,no_sharing,278.5629,68.9497,66.7096,65.3113,0.0022,0.9846,1.2553,2.2401,1775608688838630682
heartrate,no_sharing,278.5686,182.7364,118.8894,65.2029,0.0022,26.605,62.8204,63.847,1775608688905947581
heartrate,no_sharing,278.6253,126.1406,118.8894,65.2029,0.0022,26.605,6.2034,7.2512,1775608688905947581
heartrate,no_sharing,278.9565,80.2248,78.1304,75.1325,0.0041,1.1922,1.143,2.0943,1775608689232086747
heartrate,no_sharing,279.6718,70.9674,68.4631,41.8494,0.0014,25.4765,1.5023,2.5044,1775608689947789954
heartrate,no_sharing,279.7229,92.4988,72.223,71.3282,0.0014,0.6141,19.5956,20.2758,1775608690017016127
heartrate,no_sharing,279.847,47.2293,45.2279,44.3321,0.0015,0.6261,1.2231,2.0014,1775608690122712509
heartrate,no_sharing,279.8664,73.5381,45.0375,44.1331,0.0016,0.6401,27.7035,28.5005,1775608690168575238
heartrate,no_sharing,279.9184,66.4878,44.4576,43.5521,0.0016,0.641,21.2939,22.0302,1775608690214151249
heartrate,no_sharing,280.0633,46.5281,44.3303,43.4253,0.0015,0.6356,1.3874,2.1978,1775608690339180782
heartrate,no_sharing,280.5234,77.5461,75.656,54.1207,0.0018,21.2101,1.2221,1.8902,1775608690799117983
heartrate,no_sharing,280.6231,66.6075,64.7629,41.893,0.0014,22.6101,1.2074,1.8446,1775608690898773649
heartrate,no_sharing,281.1438,74.7051,72.3714,47.587,0.0015,24.496,1.5383,2.3337,1775608691419813595
heartrate,no_sharing,281.1999,77.3852,58.232,55.4703,0.0015,2.4937,18.3911,19.1532,1775608691492817609
heartrate,no_sharing,281.3428,63.0591,60.7422,48.044,0.0015,12.4208,1.543,2.3169,1775608691618783673
heartrate,no_sharing,281.3744,76.6704,44.7402,43.8359,0.0015,0.6428,31.2035,31.9303,1775608691680073804
heartrate,no_sharing,281.5976,98.8379,96.8034,42.7822,0.0013,53.7789,1.3485,2.0344,1775608691873429170
heartrate,no_sharing,282.0278,52.083,50.2114,48.9525,0.0017,0.9427,1.2131,1.8716,1775608692303521764
heartrate,no_sharing,282.1085,92.6692,90.752,37.9481,0.0013,52.5659,1.2214,1.9172,1775608692384237971
heartrate,no_sharing,282.2968,75.8319,73.5789,72.0409,0.0023,1.0794,1.3974,2.253,1775608692572673642
heartrate,no_sharing,282.5829,80.3719,78.1043,75.3352,0.0024,2.2876,1.3926,2.2675,1775608692858797725
heartrate,no_sharing,282.8336,55.016,52.5923,50.3459,0.0023,1.92,1.6401,2.4237,1775608693109731674
heartrate,no_sharing,282.8859,53.612,50.2524,46.616,0.0014,3.3625,2.5716,3.3596,1775608693162981959
heartrate,no_sharing,282.931,60.6523,51.4576,43.524,0.0015,7.6653,8.4703,9.1947,1775608693213960427
heartrate,no_sharing,283.1604,47.838,45.6849,44.6073,0.0019,0.6663,1.4312,2.153,1775608693436302473
heartrate,no_sharing,283.196,72.0193,59.2894,45.9228,0.0015,13.1055,12.0845,12.73,1775608693482581007
heartrate,no_sharing,283.4989,107.7557,105.548,48.9827,0.0015,56.2886,1.4794,2.2076,1775608693774821306
heartrate,no_sharing,283.585,106.5845,84.4769,45.7709,0.0014,38.4496,21.4984,22.1077,1775608693880971805
heartrate,no_sharing,283.7062,50.5822,48.7026,35.8004,0.0015,12.6382,1.193,1.8795,1775608693981909363
heartrate,no_sharing,284.107,103.3721,101.3066,39.5208,0.0013,61.5364,1.348,2.0655,1775608694382784209
heartrate,no_sharing,284.1294,176.9392,95.2769,51.4847,0.0024,43.375,80.822,81.6624,1775608694484714719
heartrate,no_sharing,284.3072,95.4969,93.2275,66.7671,0.0022,26.0233,1.4756,2.2694,1775608694583120735
heartrate,no_sharing,284.4178,74.2853,72.0376,70.5415,0.0023,1.0539,1.297,2.2477,1775608694693615184
heartrate,no_sharing,284.4255,181.5786,114.126,73.4292,0.0144,20.108,66.3006,67.4527,1775608694766303848
heartrate,no_sharing,284.4615,145.5896,114.126,73.4292,0.0144,20.108,30.2901,31.4636,1775608694766303848
heartrate,no_sharing,284.5171,144.655,54.0401,44.0564,0.0015,9.7195,89.9744,90.6149,1775608694881508067
heartrate,no_sharing,285.1052,101.984,99.7048,56.1049,0.0019,43.2897,1.3585,2.2792,1775608695381083475
heartrate,no_sharing,285.4248,56.9606,54.4486,53.4776,0.0017,0.6935,1.5941,2.512,1775608695700883403
heartrate,no_sharing,285.5884,56.8647,54.4866,53.501,0.0016,0.6876,1.5438,2.3782,1775608695864453873
heartrate,no_sharing,285.6062,96.0841,56.2919,46.1047,0.0015,9.9311,38.8944,39.7922,1775608695919530831
heartrate,no_sharing,285.7958,60.5323,58.1366,49.0793,0.0017,8.7645,1.5576,2.3957,1775608696071886643
heartrate,no_sharing,286.0446,50.1311,48.0263,43.8643,0.0015,3.8768,1.3893,2.1048,1775608696320436028
heartrate,no_sharing,286.0937,55.7923,53.7189,44.813,0.0015,8.6335,1.3812,2.0735,1775608696369588483
heartrate,no_sharing,286.292,63.9622,61.5657,60.3412,0.0018,0.9129,1.5352,2.3965,1775608696568043670
heartrate,no_sharing,286.3014,191.6685,136.4624,49.6154,0.0014,28.8537,54.3804,55.2061,1775608696630258292
heartrate,no_sharing,286.3341,159.0021,136.4624,49.6154,0.0014,28.8537,21.7023,22.5397,1775608696630258292
heartrate,no_sharing,286.3446,148.5834,136.4624,49.6154,0.0014,28.8537,11.1825,12.121,1775608696630258292
heartrate,no_sharing,287.0722,66.2081,63.9981,61.7946,0.002,0.9244,1.3497,2.21,1775608697347997671
heartrate,no_sharing,287.2486,93.3802,90.742,88.9156,0.003,1.2882,1.6756,2.6383,1775608697524806163
heartrate,no_sharing,287.821,46.4075,44.0385,43.1089,0.0016,0.6305,1.4422,2.3689,1775608698096941644
heartrate,no_sharing,287.8672,46.9763,44.7414,43.82,0.0016,0.6288,1.4751,2.2349,1775608698143118837
heartrate,no_sharing,288.1393,59.1047,56.6943,55.6476,0.0018,0.715,1.6406,2.4104,1775608698415415114
heartrate,no_sharing,288.17,77.3683,48.2933,47.3852,0.0015,0.6381,28.3806,29.0749,1775608698472855739
heartrate,no_sharing,288.2661,47.4944,45.4487,43.9726,0.0016,1.2148,1.3332,2.0457,1775608698541950984
heartrate,no_sharing,288.3252,53.7593,51.8519,43.6716,0.0015,7.9223,1.1718,1.9074,1775608698600875787
heartrate,no_sharing,288.4945,56.8478,54.4442,53.4486,0.0017,0.6839,1.631,2.4036,1775608698770565476
heartrate,no_sharing,288.8441,61.5735,59.5177,40.3064,0.0014,18.942,1.3208,2.0558,1775608699119888818
heartrate,no_sharing,289.0185,46.4203,44.6026,36.6828,0.0011,7.7063,1.1189,1.8178,1775608699294061649
heartrate,no_sharing,289.4826,53.2231,50.8411,49.8609,0.0016,0.7363,1.5328,2.3821,1775608699758641733
heartrate,no_sharing,289.9002,55.2866,52.7154,51.7468,0.0016,0.6681,1.6582,2.5713,1775608700176358949
heartrate,no_sharing,289.9554,46.0272,43.7814,43.0032,0.0014,0.5576,1.5299,2.2458,1775608700231434840
heartrate,no_sharing,290.1284,41.7216,39.6107,38.8448,0.0013,0.5365,1.416,2.1109,1775608700404264419
heartrate,no_sharing,290.2757,77.841,75.4883,44.709,0.0015,30.5521,1.7211,2.3528,1775608700551886632
heartrate,no_sharing,290.3866,41.2478,39.2267,38.4788,0.0012,0.5345,1.2231,2.0212,1775608700662354790
heartrate,no_sharing,290.4044,60.1807,36.1746,35.4533,0.0012,0.5119,23.309,24.006,1775608700702149874
heartrate,no_sharing,290.5068,40.0844,38.0765,36.8162,0.0012,1.0549,1.2798,2.0079,1775608700782521127
heartrate,no_sharing,290.5418,59.5279,54.0168,36.9623,0.0012,16.8276,4.8785,5.5111,1775608700821117358
heartrate,no_sharing,290.5644,108.6478,71.0666,35.2627,0.0012,35.5867,36.8125,37.5813,1775608700875739826
heartrate,no_sharing,290.6711,57.6322,55.2528,36.1487,0.0012,18.8952,1.7037,2.3794,1775608700947313912
heartrate,no_sharing,291.0314,43.1666,41.3257,40.5098,0.0013,0.5642,1.2112,1.8409,1775608701307130959
heartrate,no_sharing,291.0768,48.5065,46.6098,38.0389,0.0012,8.3536,1.1928,1.8967,1775608701352451821
heartrate,no_sharing,291.1367,67.3602,65.6697,36.2237,0.0012,29.2133,1.0815,1.6905,1775608701412287879
heartrate,no_sharing,291.1829,81.9907,59.9219,43.8609,0.0025,15.5794,21.2612,22.0688,1775608701478663518
heartrate,no_sharing,291.6348,58.1381,55.9836,34.383,0.0012,21.3632,1.3564,2.1545,1775608701910679813
heartrate,no_sharing,291.844,80.3983,78.0567,76.394,0.0026,1.1689,1.4174,2.3416,1775608702119896992
heartrate,no_sharing,291.9736,89.3691,86.8002,85.0192,0.003,1.2505,1.5824,2.5689,1775608702249681433
heartrate,no_sharing,292.0652,54.0729,51.6165,50.6366,0.0017,0.6724,1.5852,2.4563,1775608702341274780
heartrate,no_sharing,292.1214,78.7525,76.4695,45.1791,0.0015,31.0306,1.4427,2.283,1775608702397365928
heartrate,no_sharing,292.4601,48.0049,45.7264,43.3085,0.0014,1.5636,1.4255,2.2784,1775608702735972286
heartrate,no_sharing,292.5996,49.288,46.6388,41.2683,0.0014,5.1194,1.3978,2.6492,1775608702875453554
heartrate,no_sharing,292.6682,50.4653,48.2685,43.4703,0.0015,4.5424,1.3084,2.1969,1775608702944028487
heartrate,no_sharing,292.8197,64.7671,62.3209,61.2854,0.0017,0.7155,1.4834,2.4462,1775608703095617062
heartrate,no_sharing,292.854,79.9067,48.9225,48.0351,0.0015,0.6282,30.1003,30.9843,1775608703158615238
heartrate,no_sharing,293.0159,79.623,77.5475,42.2974,0.0014,34.9947,1.3266,2.0754,1775608703291737045
heartrate,no_sharing,293.0802,110.7004,94.8349,43.8262,0.0014,50.7524,15.2507,15.8655,1775608703369928158
heartrate,no_sharing,293.5082,76.2353,74.2332,52.764,0.0017,21.1776,1.2417,2.0021,1775608703783925467
heartrate,no_sharing,293.7233,74.7123,72.5727,70.8931,0.0027,1.1987,1.2138,2.1396,1775608703999038561
heartrate,no_sharing,294.138,45.5668,43.3999,42.5064,0.0015,0.6231,1.4465,2.1669,1775608704413941790
heartrate,no_sharing,294.3627,85.9876,83.685,50.7017,0.0017,32.6889,1.57,2.3026,1775608704638703421
heartrate,no_sharing,294.5783,58.1694,56.0114,50.3169,0.0016,5.4245,1.3788,2.1579,1775608704854122608
heartrate,no_sharing,294.6323,52.0606,47.3232,44.2125,0.0014,2.8387,3.9997,4.7374,1775608704910769561
heartrate,no_sharing,294.9137,64.9304,62.7863,59.9699,0.0018,2.48,1.3328,2.1441,1775608705189540807
heartrate,no_sharing,294.9333,134.3751,88.2332,49.5486,0.0013,19.2067,45.2733,46.1419,1775608705253007090
heartrate,no_sharing,294.9448,122.8487,88.2332,49.5486,0.0013,19.2067,33.735,34.6156,1775608705253007090
heartrate,no_sharing,295.0253,100.4369,57.5983,38.7569,0.0014,18.5946,42.1753,42.8386,1775608705341994306
heartrate,no_sharing,295.3529,75.5608,73.4548,64.6498,0.0021,8.4013,1.2896,2.106,1775608705628697417
heartrate,no_sharing,295.4935,85.2714,83.0907,45.4575,0.0013,37.3894,1.3931,2.1806,1775608705769379701
heartrate,no_sharing,295.7341,77.6248,75.4529,73.7707,0.0025,1.1998,1.2791,2.1719,1775608706009902314
heartrate,no_sharing,295.8493,83.097,80.857,47.97,0.0014,32.5976,1.5805,2.24,1775608706125391932
heartrate,no_sharing,296.2279,81.4919,79.1765,70.2007,0.0028,8.4383,1.4141,2.3155,1775608706503837170
heartrate,no_sharing,296.3394,54.7028,52.4697,43.5228,0.0014,8.6733,1.4513,2.2331,1775608706615327628
heartrate,no_sharing,296.4829,70.8833,69.0673,41.9693,0.0015,26.8486,1.1425,1.816,1775608706758545212
heartrate,no_sharing,296.6948,62.3085,60.2137,47.4764,0.002,12.3815,1.2214,2.0949,1775608706970524983
heartrate,no_sharing,296.7234,92.7334,58.5122,43.2934,0.0014,14.9447,33.5312,34.2212,1775608707031417704
heartrate,no_sharing,296.8273,111.9926,109.8948,44.8882,0.0015,64.7433,1.3402,2.0978,1775608707103114594
heartrate,no_sharing,296.8718,155.5004,87.4584,47.7063,0.0014,39.4908,67.3311,68.042,1775608707213653775
heartrate,no_sharing,297.1106,62.0866,60.1221,43.3401,0.0015,16.5286,1.2152,1.9645,1775608707386292085
heartrate,no_sharing,297.114,149.1866,89.802,41.4015,0.0011,24.0867,58.5554,59.3846,1775608707447010180
heartrate,no_sharing,297.1261,137.0714,89.802,41.4015,0.0011,24.0867,46.4282,47.2694,1775608707447010180
heartrate,no_sharing,297.2913,43.1321,41.3658,40.5451,0.0014,0.5771,1.0827,1.7663,1775608707566837983
heartrate,no_sharing,297.3679,54.0998,52.2453,38.2211,0.0013,13.789,1.147,1.8545,1775608707643559826
heartrate,no_sharing,297.5346,52.5072,50.5203,46.5454,0.0014,3.7249,1.2021,1.9869,1775608707810236963
heartrate,no_sharing,297.549,85.9017,47.2668,43.1332,0.0014,3.8756,37.9076,38.635,1775608707861400368
heartrate,no_sharing,297.7181,56.6907,54.4722,53.3562,0.002,0.7945,1.3781,2.2185,1775608707994006094
heartrate,no_sharing,297.8512,92.1578,90.1545,42.6118,0.0015,47.2816,1.2581,2.0033,1775608708126909035
heartrate,no_sharing,298.2159,64.0152,61.9521,59.8153,0.0027,1.6544,1.1938,2.063,1775608708491606275
heartrate,no_sharing,298.3001,45.3827,43.3404,42.466,0.0014,0.6219,1.3475,2.0423,1775608708575969774
heartrate,no_sharing,298.3273,61.3592,42.5657,41.7027,0.0014,0.6133,18.1522,18.7935,1775608708619918201
heartrate,no_sharing,298.6185,79.7629,77.1968,41.6504,0.0014,35.3088,1.7784,2.5662,1775608708894769851
heartrate,no_sharing,298.6339,121.2356,56.301,43.839,0.0016,12.1495,64.2173,64.9346,1775608708972620470
heartrate,no_sharing,298.8783,82.454,80.6136,49.837,0.0017,30.4563,1.1611,1.8403,1775608709153956137
heartrate,no_sharing,299.3484,86.3845,83.7786,80.6551,0.0033,1.2579,1.5972,2.6059,1775608709624438590
heartrate,no_sharing,299.5858,56.8681,54.4773,45.9134,0.0014,8.2863,1.5953,2.3908,1775608709861881629
heartrate,no_sharing,299.6058,82.5999,45.0721,43.5875,0.0014,1.2263,36.7434,37.5278,1775608709916983564
heartrate,no_sharing,299.6438,109.103,63.9087,44.9688,0.0015,18.6825,44.4474,45.1942,1775608709962686473
heartrate,no_sharing,299.795,68.5282,66.2487,64.9245,0.0021,0.9444,1.3287,2.2795,1775608710070836859
heartrate,no_sharing,299.8073,105.4196,48.6621,47.7206,0.0016,0.6537,56.0172,56.7576,1775608710137814674
heartrate,no_sharing,299.9513,65.6877,54.4549,46.2585,0.0015,7.9329,9.2826,11.2327,1775608710235075728
diasbp,no_sharing,0.0004,364.6526,359.7521,298.9464,0.0034,60.3248,3.5803,4.9006,1775608410278483397
diasbp,no_sharing,0.0752,429.8379,139.2852,51.7821,0.0035,43.5784,289.3932,290.5527,1775608410639064591
diasbp,no_sharing,0.1716,333.4868,139.2852,51.7821,0.0035,43.5784,193.0161,194.2016,1775608410639064591
diasbp,no_sharing,0.4141,192.1556,100.6348,47.6988,0.0027,52.6735,90.6036,91.5208,1775608410779227740
diasbp,no_sharing,0.6282,57.6732,55.267,42.709,0.0024,12.302,1.4856,2.4062,1775608410904153181
diasbp,no_sharing,0.7428,45.2271,42.8872,41.8116,0.002,0.6123,1.4389,2.3398,1775608411018682324
diasbp,no_sharing,0.7613,68.7616,41.4208,40.5715,0.002,0.6083,26.458,27.3408,1775608411062197946
diasbp,no_sharing,0.9192,59.9654,57.3419,47.7931,0.0021,9.2899,1.6608,2.6235,1775608411195385273
diasbp,no_sharing,1.2959,52.3503,50.0001,40.8382,0.0022,8.8928,1.4756,2.3501,1775608411571870522
diasbp,no_sharing,1.5583,82.7157,80.2854,43.9506,0.0023,36.051,1.5121,2.4304,1775608411834259353
diasbp,no_sharing,1.9038,81.1667,78.5366,76.7486,0.0041,1.257,1.4834,2.6301,1775608412179806980
diasbp,no_sharing,1.9835,50.3526,47.659,46.4866,0.0024,0.8981,1.6971,2.6936,1775608412259720236
diasbp,no_sharing,2.1258,55.2375,52.9212,41.7909,0.0019,10.8863,1.4851,2.3164,1775608412401789490
diasbp,no_sharing,2.6322,62.5989,60.3247,44.3174,0.002,15.7389,1.4389,2.2742,1775608412908103055
diasbp,no_sharing,2.7778,79.0684,76.6682,74.3672,0.0039,1.7978,1.4691,2.4002,1775608413053746804
diasbp,no_sharing,2.7815,136.4193,60.3096,44.5439,0.002,15.4784,75.2237,76.1097,1775608413131175092
diasbp,no_sharing,3.184,74.5451,72.0852,40.2148,0.0018,31.598,1.5743,2.46,1775608413460030264
diasbp,no_sharing,3.3766,82.4862,79.4812,77.7749,0.0038,1.1891,2.1336,3.005,1775608413653215316
diasbp,no_sharing,3.7138,56.0436,53.7926,52.0818,0.0037,1.1906,1.3406,2.2511,1775608413989597350
diasbp,no_sharing,3.7571,59.7768,46.3919,45.0966,0.0024,0.9956,12.5,13.3849,1775608414044070362
diasbp,no_sharing,3.798,74.5733,54.7539,41.1162,0.0021,13.3997,18.5952,19.8194,1775608414091095463
diasbp,no_sharing,4.48,94.1482,91.7707,44.4152,0.0025,47.0845,1.538,2.3775,1775608414756026571
diasbp,no_sharing,4.5035,135.8335,64.3586,39.9555,0.0017,12.0782,70.5051,71.4749,1775608414848438596
diasbp,no_sharing,4.5461,93.2114,64.3586,39.9555,0.0017,12.0782,27.8604,28.8528,1775608414848438596
diasbp,no_sharing,4.6545,52.788,50.606,37.5703,0.0018,12.7955,1.3385,2.182,1775608414930314909
diasbp,no_sharing,4.682,69.4404,43.4774,38.1058,0.0022,5.0929,25.1043,25.963,1775608414981539024
diasbp,no_sharing,4.9489,59.1218,56.8046,35.488,0.0015,21.1115,1.4622,2.3172,1775608415224867253
diasbp,no_sharing,5.0349,81.4357,79.2439,35.599,0.0017,43.441,1.3676,2.1918,1775608415310785288
diasbp,no_sharing,5.5234,104.9984,102.6231,63.8564,0.0035,38.3095,1.5571,2.3753,1775608415799426960
diasbp,no_sharing,5.614,99.2963,84.113,65.4579,0.0033,18.2291,14.3089,15.1833,1775608415902801806
diasbp,no_sharing,5.6942,105.9759,86.262,74.0215,0.0039,11.688,18.821,19.7139,1775608415987508741
diasbp,no_sharing,5.7839,95.6552,78.7439,76.987,0.0036,1.2902,15.9929,16.9113,1775608416074421043
diasbp,no_sharing,6.3473,100.0421,97.776,44.3802,0.0019,53.1279,1.4231,2.2661,1775608416623234808
diasbp,no_sharing,6.6986,77.3921,75.1524,48.8001,0.0035,25.8565,1.3723,2.2397,1775608416974470938
diasbp,no_sharing,6.8592,55.1906,52.6544,40.5066,0.0021,11.8769,1.6911,2.5361,1775608417135380376
diasbp,no_sharing,7.0098,74.141,71.9821,39.5498,0.002,32.1834,1.3032,2.1589,1775608417285536847
diasbp,no_sharing,7.5702,78.5162,76.1617,74.5209,0.0038,1.1337,1.5178,2.3545,1775608417846242231
diasbp,no_sharing,8.0214,44.1225,41.7158,40.8394,0.002,0.6046,1.5812,2.4066,1775608418297436931
diasbp,no_sharing,8.0574,74.9204,66.0351,44.8995,0.0019,10.4405,7.8654,8.8854,1775608418339714489
diasbp,no_sharing,8.0611,71.2097,66.0351,44.8995,0.0019,10.4405,4.1318,5.1746,1775608418339714489
diasbp,no_sharing,8.152,43.9188,41.617,40.7399,0.0019,0.631,1.446,2.3018,1775608418427953982
diasbp,no_sharing,8.2459,73.4403,71.1748,68.8715,0.0036,1.8291,1.3969,2.2656,1775608418521747359
diasbp,no_sharing,8.3072,81.7182,68.8666,46.1263,0.0019,22.4821,12.0196,12.8517,1775608418593669687
diasbp,no_sharing,8.4794,87.1825,85.0641,38.321,0.0018,46.4898,1.3559,2.1184,1775608418755235342
diasbp,no_sharing,8.6353,41.1315,39.0415,38.2163,0.002,0.5755,1.3168,2.09,1775608418911057492
diasbp,no_sharing,9.0218,52.7024,50.1709,49.2481,0.0021,0.6584,1.6568,2.5315,1775608419297937994
diasbp,no_sharing,9.2326,79.6669,77.1454,75.3736,0.0045,1.2355,1.5473,2.5215,1775608419508588488
diasbp,no_sharing,9.2522,115.6373,54.9541,53.998,0.0023,0.6635,59.8118,60.6832,1775608419586529178
diasbp,no_sharing,9.4492,49.7611,47.5046,40.6919,0.0022,6.5104,1.4625,2.2564,1775608419725169514
diasbp,no_sharing,9.664,50.0786,47.7431,37.9311,0.0017,9.5747,1.4632,2.3355,1775608419939994341
diasbp,no_sharing,9.7333,58.0792,55.9463,54.2723,0.0029,1.3196,1.3502,2.1329,1775608420009153463
diasbp,no_sharing,9.8466,83.7364,81.5463,59.1075,0.0029,22.0641,1.353,2.1901,1775608420122475174
diasbp,no_sharing,10.0419,85.0947,82.9336,59.6639,0.0027,22.8614,1.4608,2.1611,1775608420317862931
diasbp,no_sharing,10.2369,78.2816,75.8398,74.2175,0.0036,1.1265,1.514,2.4419,1775608420512917653
diasbp,no_sharing,10.6984,71.2883,68.8556,59.4701,0.0026,9.0845,1.5805,2.4327,1775608420974443294
diasbp,no_sharing,10.8681,48.6307,46.372,45.4332,0.0022,0.665,1.4462,2.2587,1775608421144057350
diasbp,no_sharing,11.1859,55.3725,52.7869,49.6878,0.0022,1.9234,1.6716,2.5855,1775608421462007991
diasbp,no_sharing,11.3735,49.9353,47.5886,41.7691,0.0021,5.563,1.4906,2.3467,1775608421649468899
diasbp,no_sharing,11.4386,46.5236,44.1694,43.2979,0.0021,0.6202,1.4713,2.3541,1775608421714597940
diasbp,no_sharing,11.7373,81.248,78.7575,77.0565,0.0038,1.2012,1.5242,2.4906,1775608422013315193
diasbp,no_sharing,11.8398,55.0921,52.5134,48.0404,0.0116,4.085,1.6172,2.5786,1775608422115876480
diasbp,no_sharing,12.2782,49.4268,46.8552,45.9108,0.0021,0.6358,1.7233,2.5716,1775608422554373187
diasbp,no_sharing,12.7972,54.1861,51.6488,49.6809,0.0024,1.033,1.6663,2.5373,1775608423073327997
diasbp,no_sharing,12.8305,72.5133,51.0637,44.2334,0.0022,6.5887,20.6234,21.4497,1775608423125587846
diasbp,no_sharing,13.0576,57.9002,55.4727,41.973,0.002,13.2559,1.5612,2.4275,1775608423333661174
diasbp,no_sharing,13.2914,44.7056,42.282,40.3071,0.002,1.7121,1.4942,2.4236,1775608423567409845
diasbp,no_sharing,13.5194,58.1374,55.5776,41.3127,0.0021,14.0221,1.4918,2.5598,1775608423795385818
diasbp,no_sharing,13.5767,43.5553,41.2238,40.392,0.0021,0.5822,1.4777,2.3315,1775608423852647854
diasbp,no_sharing,13.6525,41.1184,38.7746,37.9421,0.0017,0.6092,1.5106,2.3438,1775608423928450885
diasbp,no_sharing,13.6948,38.336,36.009,35.2851,0.0018,0.4922,1.4436,2.3271,1775608423970720122
diasbp,no_sharing,13.8549,68.6479,66.4244,51.686,0.0022,14.4309,1.4689,2.2234,1775608424130865314
diasbp,no_sharing,13.9508,60.0538,57.8852,46.9685,0.0022,10.615,1.3232,2.1686,1775608424226575909
diasbp,no_sharing,13.9653,97.5289,51.2141,49.6734,0.0022,0.3428,45.2862,46.3148,1775608424285080413
diasbp,no_sharing,13.98,82.912,51.2141,49.6734,0.0022,0.3428,30.6284,31.6979,1775608424285080413
diasbp,no_sharing,14.0294,83.6844,49.668,47.6209,0.0026,1.7486,33.1514,34.0165,1775608424336994931
diasbp,no_sharing,14.4928,52.9523,50.4641,49.4836,0.0024,0.6899,1.6577,2.4882,1775608424768941930
diasbp,no_sharing,14.6883,53.0148,50.6871,40.4848,0.0025,9.9368,1.4482,2.3277,1775608424964185398
diasbp,no_sharing,14.9783,46.9244,44.546,43.6506,0.002,0.6048,1.5128,2.3784,1775608425254338102
diasbp,no_sharing,14.993,76.1988,43.3196,42.4628,0.002,0.5967,32.0184,32.8793,1775608425299543755
diasbp,no_sharing,15.2068,96.1161,93.8237,49.8905,0.0039,43.4751,1.4312,2.2924,1775608425482722987
diasbp,no_sharing,15.5531,50.2367,47.6473,46.7082,0.0022,0.638,1.6818,2.5894,1775608425829273920
diasbp,no_sharing,16.0069,45.6722,43.395,42.4969,0.002,0.6237,1.4997,2.2772,1775608426282927851
diasbp,no_sharing,16.0678,44.1952,41.9476,41.07,0.002,0.6283,1.3812,2.2476,1775608426343696780
diasbp,no_sharing,16.0705,112.2406,70.049,39.7552,0.002,30.0241,41.337,42.1915,1775608426386315926
diasbp,no_sharing,16.1839,86.5548,84.4011,35.3996,0.0016,48.8033,1.3964,2.1536,1775608426459778685
diasbp,no_sharing,16.2737,57.7259,55.4866,48.1909,0.0024,6.9981,1.3728,2.2393,1775608426549506516
diasbp,no_sharing,16.3524,53.5038,51.1987,37.3809,0.0017,13.605,1.4877,2.305,1775608426628360516
diasbp,no_sharing,16.4454,60.1037,57.9747,35.7782,0.0018,21.9696,1.3652,2.129,1775608426721236240
diasbp,no_sharing,16.4561,104.496,54.5137,34.3221,0.0017,19.9835,49.2277,49.9823,1775608426779791261
diasbp,no_sharing,16.5688,52.7072,50.5332,32.7136,0.0014,17.6168,1.3289,2.174,1775608426844593577
diasbp,no_sharing,16.8308,53.9968,51.7365,39.4339,0.0021,12.054,1.333,2.2603,1775608427106612038
diasbp,no_sharing,16.9738,53.3345,50.9936,39.9656,0.0021,10.7861,1.4496,2.3408,1775608427249705783
diasbp,no_sharing,17.163,90.0481,87.6724,39.6292,0.0019,47.7765,1.4877,2.3756,1775608427438960117
diasbp,no_sharing,17.761,75.6691,72.8544,61.4938,0.0025,11.0318,1.7028,2.8147,1775608428037147058
diasbp,no_sharing,17.8032,79.5093,45.7225,44.8418,0.002,0.6132,32.9108,33.7867,1775608428110625722
diasbp,no_sharing,18.0302,73.0724,70.4949,46.8083,0.0022,23.4246,1.5123,2.5775,1775608428306225456
diasbp,no_sharing,18.1028,68.6014,66.2864,40.4134,0.002,25.6222,1.5485,2.3149,1775608428378876835
diasbp,no_sharing,18.1984,87.9264,85.5719,41.0048,0.0021,44.2963,1.467,2.3545,1775608428474398557
diasbp,no_sharing,18.2928,87.4875,85.2359,46.3287,0.0021,38.6232,1.3964,2.2516,1775608428568659898
diasbp,no_sharing,19.0072,87.8217,85.1303,83.3439,0.0201,1.2507,1.627,2.6914,1775608429283343600
diasbp,no_sharing,19.2003,92.4625,89.792,84.5066,0.0044,4.7521,1.6656,2.6706,1775608429476468732
diasbp,no_sharing,19.2346,120.6415,61.6951,53.8364,0.0023,7.5426,58.0735,58.9464,1775608429567126887
diasbp,no_sharing,19.4515,49.2666,46.9423,43.3651,0.0023,3.3126,1.4694,2.3243,1775608429727486730
diasbp,no_sharing,19.6171,53.1213,50.6738,49.7137,0.0021,0.6748,1.6046,2.4475,1775608429893170944
diasbp,no_sharing,19.6478,73.1609,50.0691,43.9356,0.0022,5.3576,22.2301,23.0918,1775608429944517191
diasbp,no_sharing,19.7755,57.4038,55.085,51.5669,0.0025,3.1959,1.4908,2.3188,1775608430051510823
diasbp,no_sharing,19.828,49.9327,44.1944,43.3463,0.002,0.6021,4.8621,5.7383,1775608430107297213
diasbp,no_sharing,20.1546,63.9763,61.6614,37.4814,0.0018,23.9205,1.4889,2.3149,1775608430430604176
diasbp,no_sharing,20.169,97.5697,47.399,39.5968,0.0018,7.5696,49.3858,50.1707,1775608430492873749
diasbp,no_sharing,20.5393,52.701,50.2448,49.3057,0.0023,0.6755,1.5972,2.4562,1775608430815401221
diasbp,no_sharing,20.9121,43.1571,41.0552,38.7363,0.002,2.0566,1.4217,2.1019,1775608431187991543
diasbp,no_sharing,20.9674,40.9617,38.7018,37.9577,0.0017,0.524,1.415,2.2599,1775608431243325092
diasbp,no_sharing,21.1549,36.9017,34.6973,33.9653,0.0016,0.5198,1.364,2.2044,1775608431430719962
diasbp,no_sharing,21.4789,59.5782,57.4143,35.8917,0.0018,21.2731,1.3599,2.1638,1775608431754692819
diasbp,no_sharing,22.0877,88.8536,86.2488,83.3702,0.0045,2.3549,1.6558,2.6048,1775608432363834567
diasbp,no_sharing,22.2188,79.8497,77.2477,73.1071,0.0043,3.6116,1.6074,2.602,1775608432494894033
diasbp,no_sharing,22.2998,84.8477,82.3637,80.6448,0.0037,1.2032,1.6313,2.484,1775608432575956579
diasbp,no_sharing,22.479,91.0239,88.4642,80.9439,0.0039,7.0161,1.6479,2.5598,1775608432755096999
diasbp,no_sharing,22.5241,131.2764,84.7027,50.7585,0.0021,33.6518,45.7706,46.5736,1775608432844354165
diasbp,no_sharing,22.7699,94.2645,91.9743,60.2178,0.0029,31.369,1.4269,2.2902,1775608433045846905
diasbp,no_sharing,22.8156,102.1655,53.0267,45.9828,0.002,6.7817,48.4343,49.1388,1775608433138520094
diasbp,no_sharing,23.0003,54.9092,52.7324,41.9751,0.0021,10.4976,1.3921,2.1769,1775608433276126069
diasbp,no_sharing,23.1528,70.6689,68.2225,43.6387,0.002,24.3305,1.5891,2.4464,1775608433428869601
diasbp,no_sharing,23.458,57.7626,55.3518,54.2267,0.0026,0.8006,1.5118,2.4108,1775608433734039438
diasbp,no_sharing,23.7584,48.2833,45.8985,44.4367,0.002,0.6275,1.528,2.3848,1775608434034413455
diasbp,no_sharing,24.0838,55.5589,53.2213,40.8876,0.0021,12.0542,1.5132,2.3376,1775608434359824339
diasbp,no_sharing,24.4868,55.5546,53.1929,40.8792,0.002,12.0573,1.519,2.3618,1775608434762774948
diasbp,no_sharing,24.5615,67.1041,64.8668,40.2254,0.002,24.4102,1.4031,2.2373,1775608434837417903
diasbp,no_sharing,24.76,86.0913,83.5837,81.7928,0.0045,1.2538,1.5459,2.5076,1775608435035992284
diasbp,no_sharing,25.0345,54.3077,52.0467,38.0624,0.0018,13.721,1.4844,2.261,1775608435310442445
diasbp,no_sharing,25.2169,50.0274,47.7406,46.7669,0.0022,0.6933,1.4374,2.2867,1775608435492856475
diasbp,no_sharing,25.2446,70.2841,46.9413,45.8086,0.005,0.7405,22.193,23.3428,1775608435541279410
diasbp,no_sharing,25.863,53.6079,50.6422,49.6871,0.0023,0.6717,2.0752,2.9658,1775608436139518741
diasbp,no_sharing,26.2873,52.9609,50.4162,49.4567,0.0024,0.6812,1.6661,2.5446,1775608436563459824
diasbp,no_sharing,26.3935,58.032,55.6331,47.787,0.0022,7.5919,1.5705,2.3989,1775608436669547078
diasbp,no_sharing,26.5206,38.8753,36.5837,35.4005,0.0017,0.5039,1.4534,2.2916,1775608436796555499
diasbp,no_sharing,26.6127,44.9197,42.5097,39.9762,0.0021,2.2893,1.3793,2.4101,1775608436888586491
diasbp,no_sharing,26.6424,93.2734,77.5856,37.6446,0.0018,39.7355,14.9019,15.6878,1775608436931773158
diasbp,no_sharing,26.9558,56.4387,54.308,34.1483,0.0016,19.9575,1.3263,2.1307,1775608437231567129
diasbp,no_sharing,26.9891,90.9383,67.2372,34.0652,0.0017,32.9629,22.857,23.7011,1775608437286436049
diasbp,no_sharing,27.0698,60.3328,49.1786,35.8759,0.0016,13.099,9.9719,11.1541,1775608437354230472
diasbp,no_sharing,27.1562,85.0015,82.9226,33.9274,0.0018,48.7772,1.2887,2.0788,1775608437431942767
diasbp,no_sharing,27.5468,59.2787,56.761,48.5829,0.0023,7.9082,1.5771,2.5177,1775608437822896484
diasbp,no_sharing,27.9263,83.1995,80.6343,78.9665,0.004,1.1641,1.5883,2.5652,1775608438202412082
diasbp,no_sharing,28.1805,78.0721,75.7267,74.0921,0.0039,1.1495,1.4348,2.3453,1775608438456439790
diasbp,no_sharing,28.3944,73.6799,71.4424,38.2191,0.0019,32.9539,1.3707,2.2375,1775608438670275678
diasbp,no_sharing,28.6909,91.9824,89.7591,37.398,0.002,52.1033,1.3359,2.2233,1775608438966668681
diasbp,no_sharing,28.7464,114.7425,77.5821,75.9252,0.0039,1.1399,36.2771,37.1604,1775608439057158868
diasbp,no_sharing,28.8502,90.2433,78.7425,47.0739,0.002,31.4012,10.7534,11.5008,1775608439135455218
diasbp,no_sharing,28.9223,103.301,84.5162,41.1483,0.0019,43.1325,17.9644,18.7849,1775608439214716217
diasbp,no_sharing,28.971,120.8234,65.7276,38.644,0.0018,26.8466,54.2436,55.0958,1775608439299745797
diasbp,no_sharing,29.2483,52.0875,49.6863,48.7144,0.0024,0.6792,1.4882,2.4013,1775608439524270833
diasbp,no_sharing,29.7248,79.6552,77.2147,66.6037,0.0036,10.1214,1.5156,2.4405,1775608440000848299
diasbp,no_sharing,29.7295,136.2305,60.6229,45.627,0.0018,14.7337,74.7924,75.6075,1775608440078824229
diasbp,no_sharing,30.4282,48.8341,46.3739,43.1711,0.0022,2.9077,1.5659,2.4602,1775608440704206097
diasbp,no_sharing,30.4724,48.058,42.7895,41.3817,0.002,1.1575,4.379,5.2685,1775608440751221556
diasbp,no_sharing,30.5887,60.5605,57.4781,44.5925,0.0022,12.6169,2.2066,3.0824,1775608440865359778
diasbp,no_sharing,30.5887,154.0606,92.6695,42.2285,0.0018,25.0906,60.3292,61.3911,1775608440923514347
diasbp,no_sharing,30.6241,118.732,92.6695,42.2285,0.0018,25.0906,24.9751,26.0625,1775608440923514347
diasbp,no_sharing,30.8726,47.6296,45.5435,44.5414,0.0024,0.6816,1.2865,2.0861,1775608441148356835
diasbp,no_sharing,31.1081,60.2217,57.9455,45.0631,0.0025,12.5802,1.4021,2.2761,1775608441383991237
diasbp,no_sharing,31.1414,78.8579,51.2846,44.0916,0.002,6.9463,26.6273,27.5733,1775608441442508936
diasbp,no_sharing,31.2971,44.8089,42.3178,41.4597,0.0019,0.6133,1.4956,2.491,1775608441573113307
diasbp,no_sharing,31.3078,90.9669,56.394,40.3899,0.0019,15.7647,33.7114,34.573,1775608441615986990
diasbp,no_sharing,31.5413,44.0481,41.7544,40.3156,0.0021,1.1923,1.4081,2.2937,1775608441817236240
diasbp,no_sharing,31.5995,42.5053,40.2369,38.7145,0.002,1.276,1.4131,2.2684,1775608441875442220
diasbp,no_sharing,31.6643,46.7076,44.308,40.6708,0.0021,3.3648,1.4975,2.3997,1775608441940242579
diasbp,no_sharing,31.687,73.2288,48.8063,42.7026,0.0022,5.2468,23.623,24.4225,1775608441985087987
diasbp,no_sharing,31.9751,59.0515,56.8907,41.588,0.002,15.0507,1.3392,2.1608,1775608442250932849
diasbp,no_sharing,32.5225,86.4835,83.841,82.0369,0.0044,1.2734,1.5621,2.6425,1775608442798540157
diasbp,no_sharing,32.8153,73.7674,71.1828,43.672,0.0021,27.2506,1.5488,2.5846,1775608443091318121
diasbp,no_sharing,32.9402,76.9053,73.935,42.5566,0.002,31.1043,1.5414,2.9703,1775608443216211764
diasbp,no_sharing,33.1179,81.4581,78.885,37.6846,0.0046,40.8695,1.6859,2.5731,1775608443394024501
diasbp,no_sharing,33.3081,79.5422,77.2574,47.4464,0.0026,29.4973,1.4157,2.2847,1775608443584019828
diasbp,no_sharing,33.4939,58.1124,55.5665,40.9658,0.0021,14.3347,1.6403,2.5459,1775608443770008731
diasbp,no_sharing,33.5048,128.0353,79.9655,44.1969,0.0021,11.8305,46.8667,48.0698,1775608443826172818
diasbp,no_sharing,33.5215,111.4028,79.9655,44.1969,0.0021,11.8305,30.2114,31.4373,1775608443826172818
diasbp,no_sharing,33.5412,91.7556,79.9655,44.1969,0.0021,11.8305,10.5326,11.7902,1775608443826172818
diasbp,no_sharing,34.0282,63.8778,61.4896,59.4172,0.0031,1.6952,1.4448,2.3882,1775608444304113288
diasbp,no_sharing,34.1143,61.8045,59.4209,57.4141,0.0031,0.8637,1.4987,2.3836,1775608444390243965
diasbp,no_sharing,34.2338,84.3472,82.0497,74.6105,0.0037,6.9692,1.4057,2.2976,1775608444509641027
diasbp,no_sharing,34.3283,50.8511,48.6154,40.8047,0.0018,7.5975,1.3676,2.2357,1775608444604145731
diasbp,no_sharing,34.7193,64.0068,61.6033,58.3338,0.0035,2.7793,1.4923,2.4035,1775608444995245447
diasbp,no_sharing,35.1465,53.0128,50.3865,49.4237,0.0024,0.6619,1.687,2.6263,1775608445422662646
diasbp,no_sharing,35.6547,67.7752,65.3076,43.5371,0.0019,21.498,1.5364,2.4677,1775608445930675073
diasbp,no_sharing,36.3748,52.141,49.8073,37.5183,0.0023,12.0393,1.4589,2.3337,1775608446650780875
diasbp,no_sharing,36.4312,61.9669,59.7187,34.7946,0.0015,24.7212,1.41,2.2482,1775608446707067356
diasbp,no_sharing,36.4794,48.9559,34.6764,34.0018,0.0015,0.4762,13.4246,14.2796,1775608446767331556
diasbp,no_sharing,36.5187,42.7382,32.4991,31.8095,0.0016,0.4949,9.378,10.2391,1775608446802555665
diasbp,no_sharing,36.7682,40.514,38.3795,32.3183,0.0018,5.8342,1.3022,2.1345,1775608447043972722
diasbp,no_sharing,36.8279,51.6875,49.4525,32.8662,0.0017,16.364,1.3857,2.235,1775608447103779769
diasbp,no_sharing,36.9691,34.9171,32.7665,32.0495,0.0017,0.4815,1.3664,2.1507,1775608447244986706
diasbp,no_sharing,37.0882,52.8748,50.5809,35.6725,0.0018,14.6798,1.4386,2.2939,1775608447364104446
diasbp,no_sharing,37.3555,64.6453,62.2967,39.982,0.002,22.0815,1.4839,2.3486,1775608447631448902
diasbp,no_sharing,37.4757,43.4885,41.1405,37.4357,0.002,3.4485,1.4644,2.348,1775608447751620066
diasbp,no_sharing,37.5033,51.2302,34.8924,34.1728,0.0017,0.5056,15.4853,16.3377,1775608447793311034
diasbp,no_sharing,37.5868,36.4227,34.2039,33.4846,0.0016,0.4946,1.3475,2.2189,1775608447862614551
diasbp,no_sharing,37.6144,47.6804,38.3929,32.2537,0.0016,5.9416,8.472,9.2874,1775608447897377994
diasbp,no_sharing,37.7092,58.912,56.6051,35.9907,0.0019,20.3534,1.4486,2.3069,1775608447985164535
diasbp,no_sharing,38.4298,49.8788,47.3458,45.8018,0.0021,1.2908,1.5998,2.533,1775608448705864353
diasbp,no_sharing,38.62,82.2434,80.0181,40.8824,0.0015,38.9048,1.3781,2.2254,1775608448895906176
diasbp,no_sharing,38.7255,52.9997,50.8348,49.5549,0.0032,0.8972,1.3423,2.1649,1775608449001307227
diasbp,no_sharing,39.1503,114.9535,110.8629,41.9183,0.0032,68.5655,3.3243,4.0906,1775608449428121962
diasbp,no_sharing,39.1503,204.1628,88.6156,44.5953,0.0021,43.757,114.7864,115.5473,1775608449539600056
diasbp,no_sharing,39.2894,233.7441,168.0133,45.6357,0.0022,61.0607,64.9989,65.7308,1775608449628841165
diasbp,no_sharing,39.2919,231.3883,168.0133,45.6357,0.0022,61.0607,62.4847,63.375,1775608449628841165
diasbp,no_sharing,39.5305,73.2982,71.1049,44.0073,0.0022,26.8391,1.4241,2.1933,1775608449806357102
diasbp,no_sharing,39.6229,40.7913,38.7048,37.9489,0.0017,0.5268,1.3402,2.0865,1775608449898731837
diasbp,no_sharing,39.6254,73.3533,34.4872,33.7642,0.0018,0.5068,38.1243,38.8661,1775608449938028312
diasbp,no_sharing,39.8042,40.1828,37.8586,37.0778,0.0019,0.5397,1.4474,2.3242,1775608450080179174
diasbp,no_sharing,40.0687,58.1157,55.5648,53.8417,0.0024,1.4129,1.6003,2.551,1775608450344812610
diasbp,no_sharing,40.0765,100.9405,49.9968,43.4247,0.0019,5.7934,50.0469,50.9436,1775608450400980265
diasbp,no_sharing,40.35,59.9492,57.5669,36.0004,0.0016,21.3322,1.4529,2.3823,1775608450625902067
diasbp,no_sharing,40.3896,54.6966,33.8394,33.1563,0.0017,0.4778,19.9847,20.8572,1775608450684023533
diasbp,no_sharing,40.4351,42.074,32.421,31.7566,0.0017,0.4714,8.8139,9.653,1775608450718421347
diasbp,no_sharing,40.5641,57.3192,54.946,35.7796,0.0018,18.9398,1.5111,2.3731,1775608450840104529
diasbp,no_sharing,40.5898,65.3789,33.1345,32.4535,0.0018,0.4729,31.3792,32.2444,1775608450895652606
diasbp,no_sharing,40.8832,40.0109,37.6835,36.921,0.0021,0.5321,1.4234,2.3274,1775608451159122747
diasbp,no_sharing,40.9571,55.0475,52.7517,35.6344,0.0018,16.9093,1.3983,2.2958,1775608451232986314
diasbp,no_sharing,41.6455,84.8942,82.5407,36.7649,0.0019,45.5244,1.5647,2.3535,1775608451921522026
diasbp,no_sharing,41.7262,75.6304,70.8005,69.1595,0.0036,1.1481,3.9904,4.8299,1775608452004682387
diasbp,no_sharing,41.8231,81.2299,78.8977,75.5563,0.0039,2.8074,1.5357,2.3322,1775608452099071437
diasbp,no_sharing,41.8862,102.4475,83.647,45.7467,0.0019,37.6328,18.0278,18.8005,1775608452178671336
diasbp,no_sharing,42.0847,43.6056,41.265,40.4014,0.0021,0.5962,1.476,2.3406,1775608452360702464
diasbp,no_sharing,42.5075,58.7714,56.2045,55.1527,0.0028,0.7364,1.6723,2.5669,1775608452783702154
diasbp,no_sharing,42.5233,106.3986,62.5043,46.4705,0.0021,7.8812,42.8557,43.8943,1775608452840623649
diasbp,no_sharing,42.534,95.7336,62.5043,46.4705,0.0021,7.8812,32.1307,33.2294,1775608452840623649
diasbp,no_sharing,42.7679,55.8994,53.338,49.8388,0.0024,3.1902,1.6613,2.5613,1775608453044076538
diasbp,no_sharing,42.8094,91.6035,76.6535,43.8503,0.0021,32.5509,14.1537,14.9501,1775608453098069016
diasbp,no_sharing,43.06,44.4579,42.1474,41.2762,0.0021,0.5997,1.476,2.3105,1775608453335949598
diasbp,no_sharing,43.1088,59.7613,57.2458,40.3677,0.0022,16.6305,1.734,2.5155,1775608453384968064
diasbp,no_sharing,43.176,83.137,80.9372,40.3595,0.0021,40.3382,1.3802,2.1998,1775608453451847649
diasbp,no_sharing,43.2244,76.6459,41.2545,39.9175,0.002,1.0926,34.5385,35.3913,1775608453533391140
diasbp,no_sharing,43.5044,69.319,67.1313,38.0318,0.002,28.8581,1.3955,2.1877,1775608453780321486
diasbp,no_sharing,43.6648,96.4675,94.2569,42.1574,0.0019,51.8551,1.3216,2.2106,1775608453940555811
diasbp,no_sharing,43.9939,44.3418,42.0575,41.1807,0.0022,0.6003,1.4346,2.2843,1775608454269853051
diasbp,no_sharing,44.1065,55.1238,52.7451,45.1308,0.0022,7.3393,1.5264,2.3787,1775608454382510851
diasbp,no_sharing,44.132,111.2337,80.9104,43.1727,0.0023,37.4771,29.4571,30.3234,1775608454435904342
diasbp,no_sharing,44.1648,141.9425,62.8311,61.4852,0.0032,0.9469,78.1875,79.1114,1775608454517492562
diasbp,no_sharing,44.5587,45.2511,42.9694,42.0887,0.0021,0.6092,1.4713,2.2818,1775608454834680801
diasbp,no_sharing,44.8279,52.6161,50.1848,49.2305,0.0023,0.6832,1.6067,2.4313,1775608455104035169
diasbp,no_sharing,44.9178,51.1107,48.7902,47.84,0.0022,0.6648,1.5156,2.3205,1775608455193787290
diasbp,no_sharing,44.9891,47.7018,45.2965,44.4066,0.0022,0.6295,1.5228,2.4053,1775608455265118216
diasbp,no_sharing,45.0467,69.2387,66.9431,40.9442,0.0022,25.1867,1.4265,2.2955,1775608455322586386
diasbp,no_sharing,45.2202,48.7807,46.4062,45.2828,0.0026,0.7638,1.4749,2.3744,1775608455496164785
diasbp,no_sharing,45.2922,51.5842,49.2088,48.261,0.0023,0.6636,1.4918,2.3754,1775608455568160454
diasbp,no_sharing,45.3119,78.2962,45.6846,39.6809,0.0017,2.8844,31.5943,32.6116,1775608455617943555
diasbp,no_sharing,45.3349,55.2554,45.6846,39.6809,0.0017,2.8844,8.5313,9.5708,1775608455617943555
diasbp,no_sharing,45.4504,40.8971,38.5611,37.4265,0.002,0.9082,1.493,2.336,1775608455726373668
diasbp,no_sharing,45.4761,60.8504,44.8915,36.5045,0.0018,4.0906,14.9202,15.9589,1775608455765481029
diasbp,no_sharing,45.4888,48.1932,44.8915,36.5045,0.0018,4.0906,2.2411,3.3017,1775608455765481029
diasbp,no_sharing,45.7988,56.3438,54.1284,52.9794,0.0026,0.8195,1.4508,2.2154,1775608456074732657
diasbp,no_sharing,45.8424,59.7942,46.4174,44.6213,0.0021,1.5365,12.6748,13.3768,1775608456129555498
diasbp,no_sharing,46.3278,41.1239,38.908,38.0713,0.0021,0.5918,1.3812,2.2158,1775608456603656328
diasbp,no_sharing,46.4868,79.3459,76.8511,46.3914,0.0022,30.1736,1.6384,2.4949,1775608456762932796
diasbp,no_sharing,46.7516,46.5944,44.2136,42.6827,0.0022,1.2414,1.5299,2.3808,1775608457027577214
diasbp,no_sharing,47.3145,55.7327,53.1492,49.4771,0.0026,3.3598,1.6668,2.5835,1775608457590652408
diasbp,no_sharing,47.4034,46.2556,44.0001,40.9526,0.0018,2.7954,1.4338,2.2555,1775608457679347892
diasbp,no_sharing,47.6104,48.5229,46.2628,39.8101,0.002,6.2203,1.461,2.2601,1775608457886391507
diasbp,no_sharing,47.6311,105.8633,77.3269,38.866,0.0017,19.1177,27.6208,28.5364,1775608457933235627
diasbp,no_sharing,47.6328,104.3355,77.3269,38.866,0.0017,19.1177,25.9485,27.0086,1775608457933235627
diasbp,no_sharing,47.7213,63.6337,47.1624,46.2052,0.0023,0.6774,15.5933,16.4713,1775608458011349081
diasbp,no_sharing,47.7664,69.8781,50.7723,45.4132,0.0022,5.0812,18.2703,19.1058,1775608458059108740
diasbp,no_sharing,47.9692,38.7166,36.4292,35.6999,0.0017,0.517,1.416,2.2873,1775608458245088071
diasbp,no_sharing,47.9738,71.1238,36.5453,35.849,0.0018,0.4914,33.7312,34.5785,1775608458282055938
diasbp,no_sharing,48.0101,69.9255,34.4907,33.782,0.0017,0.5075,34.5967,35.4348,1775608458319146631
diasbp,no_sharing,48.3922,47.6465,45.4718,35.833,0.0019,9.4066,1.4291,2.1747,1775608458668113845
diasbp,no_sharing,48.553,72.3324,70.0751,39.2252,0.011,30.6175,1.4291,2.2573,1775608458828947535
diasbp,no_sharing,48.6316,68.8674,66.6544,34.3744,0.0016,32.0614,1.3905,2.213,1775608458907430363
diasbp,no_sharing,48.6921,90.064,81.2395,36.9492,0.0019,44.0764,8.013,8.8246,1775608458974621049
diasbp,no_sharing,48.7446,140.5013,102.4761,44.586,0.0021,57.6119,37.3569,38.0251,1775608459056458263
diasbp,no_sharing,49.1344,61.235,59.1629,42.9117,0.0022,15.9582,1.3351,2.0721,1775608459410204516
diasbp,no_sharing,49.1824,89.3846,75.6505,40.9061,0.002,34.5084,13.0341,13.734,1775608459469916503
diasbp,no_sharing,49.8269,81.1732,78.5476,47.0467,0.0023,31.2045,1.5972,2.6256,1775608460102959847
diasbp,no_sharing,50.181,48.9783,46.5233,45.5785,0.0026,0.6631,1.5273,2.455,1775608460456993011
diasbp,no_sharing,50.3212,51.5721,49.0071,48.1433,0.0021,0.6153,1.6119,2.565,1775608460597313661
diasbp,no_sharing,50.7372,101.5341,99.2819,75.4297,0.0035,23.3445,1.4937,2.2523,1775608461013130799
diasbp,no_sharing,50.8781,112.9634,110.6769,39.0472,0.002,71.3864,1.586,2.2865,1775608461154123220
diasbp,no_sharing,50.9795,97.7952,85.6556,39.6734,0.002,45.7313,11.3978,12.1397,1775608461265364430
diasbp,no_sharing,51.2459,44.812,42.6583,40.3488,0.0021,2.0391,1.3201,2.1537,1775608461521743776
diasbp,no_sharing,51.2754,66.3974,50.541,40.8875,0.0019,9.4051,15.1722,15.8564,1775608461565052075
diasbp,no_sharing,51.4647,85.4363,83.4841,38.2999,0.0018,44.934,1.1063,1.9522,1775608461740242179
diasbp,no_sharing,51.5134,129.0393,91.6335,44.0194,0.002,23.675,36.5424,37.4058,1775608461824408180
diasbp,no_sharing,51.5247,117.6927,91.6335,44.0194,0.002,23.675,25.1839,26.0592,1775608461824408180
diasbp,no_sharing,51.5908,92.3347,39.9928,39.2442,0.0019,0.5211,51.5394,52.3419,1775608461916801928
diasbp,no_sharing,51.6903,64.4424,62.3337,34.6596,0.002,27.4527,1.106,2.1087,1775608461965898231
diasbp,no_sharing,51.8446,55.9747,53.694,39.5678,0.0021,13.8735,1.4057,2.2807,1775608462120511639
diasbp,no_sharing,52.0405,40.0233,38.0623,34.179,0.0017,3.6783,1.169,1.961,1775608462316137377
diasbp,no_sharing,52.2809,75.5358,73.2959,35.8079,0.0019,36.7934,1.3728,2.2398,1775608462556771688
diasbp,no_sharing,52.337,158.4241,138.43,35.6634,0.0016,51.2766,19.1011,19.9941,1775608462630626726
diasbp,no_sharing,52.3514,144.098,138.43,35.6634,0.0016,51.2766,4.7591,5.668,1775608462630626726
diasbp,no_sharing,52.4966,89.5314,87.6131,34.8604,0.0017,52.5307,1.2121,1.9184,1775608462772331998
diasbp,no_sharing,52.5221,167.1045,102.5123,37.3825,0.0017,64.9048,63.9083,64.5921,1775608462860492590
diasbp,no_sharing,52.752,40.9844,39.1277,38.3186,0.0019,0.5676,1.1439,1.8567,1775608463027579053
diasbp,no_sharing,52.7813,44.7578,32.5861,31.8722,0.0018,0.515,11.4822,12.1718,1775608463067310824
diasbp,no_sharing,52.8533,35.3663,33.545,32.8588,0.0018,0.4874,1.1313,1.8213,1775608463128909273
diasbp,no_sharing,52.8817,40.4339,32.8749,32.2004,0.0017,0.4749,6.8567,7.559,1775608463163014853
diasbp,no_sharing,53.1467,56.9763,54.8691,38.7763,0.002,15.8781,1.3022,2.1073,1775608463422513427
diasbp,no_sharing,53.1635,120.388,79.4835,38.0249,0.0021,41.1972,39.9456,40.9045,1775608463477936424
diasbp,no_sharing,53.2764,61.2998,53.1638,47.105,0.0023,5.7708,7.1428,8.136,1775608463557979692
diasbp,no_sharing,53.3788,70.5676,68.0691,45.2948,0.0021,22.5066,1.6129,2.4985,1775608463654851658
diasbp,no_sharing,53.4505,81.9936,79.8077,41.3155,0.0022,38.2303,1.3404,2.1859,1775608463726327754
diasbp,no_sharing,53.7912,63.5262,61.3385,48.5044,0.0025,12.5113,1.3657,2.1877,1775608464067015510
diasbp,no_sharing,53.9654,82.4978,80.5915,41.4606,0.002,38.8825,1.2016,1.9063,1775608464241127373
diasbp,no_sharing,54.0012,125.2737,77.991,40.3266,0.002,37.4224,46.5713,47.2827,1775608464322286988
diasbp,no_sharing,54.0696,138.7677,81.1599,40.7838,0.002,40.1369,56.8178,57.6079,1775608464400861755
diasbp,no_sharing,54.2255,103.6229,101.7128,38.2879,0.0019,63.1816,1.2333,1.9101,1775608464501174939
diasbp,no_sharing,54.3312,84.1861,82.389,37.4387,0.002,44.7104,1.0688,1.7971,1775608464606764360
diasbp,no_sharing,54.61,78.2921,75.9886,46.0183,0.0023,29.7022,1.5171,2.3035,1775608464885962226
diasbp,no_sharing,54.9972,43.4191,41.4429,40.5549,0.0021,0.6227,1.2534,1.9762,1775608465272894721
diasbp,no_sharing,55.0738,45.2619,43.0897,42.2306,0.0021,0.6075,1.3738,2.1722,1775608465349649062
diasbp,no_sharing,55.5355,66.8643,64.2509,44.1784,0.0023,19.7772,1.8485,2.6134,1775608465811840252
diasbp,no_sharing,56.1664,49.412,46.7781,45.9331,0.0019,0.5704,1.667,2.6339,1775608466442553555
diasbp,no_sharing,56.4079,39.9997,37.7754,36.9858,0.0018,0.5436,1.3757,2.2243,1775608466683798268
diasbp,no_sharing,56.5051,55.3839,53.0577,39.9327,0.002,12.8905,1.3962,2.3262,1775608466781025044
diasbp,no_sharing,57.1049,82.4509,80.0709,77.0771,0.004,2.4822,1.4222,2.3799,1775608467380822385
diasbp,no_sharing,57.1193,118.4685,49.7293,48.7979,0.0023,0.6557,67.8096,68.7392,1775608467461622601
diasbp,no_sharing,57.3004,68.496,66.0142,47.3668,0.0023,18.3385,1.6339,2.4818,1775608467576545879
diasbp,no_sharing,57.7264,82.2928,79.7206,77.9666,0.0039,1.2391,1.5991,2.5722,1775608468002519394
diasbp,no_sharing,57.7322,143.9464,66.7531,49.8264,0.0022,16.6495,76.3345,77.1933,1775608468082983684
diasbp,no_sharing,57.8276,102.9131,53.8131,44.7446,0.0022,8.215,48.1808,49.1001,1775608468150311155
diasbp,no_sharing,57.9263,55.5742,50.6688,42.685,0.0022,7.7342,3.968,4.9054,1775608468204700855
diasbp,no_sharing,57.9987,84.8417,82.6967,42.5562,0.0021,39.8758,1.3471,2.145,1775608468274501671
diasbp,no_sharing,58.033,111.9671,60.9204,40.8045,0.0019,19.854,50.2355,51.0467,1775608468357733528
diasbp,no_sharing,58.227,50.3945,48.1114,40.5366,0.0019,7.3119,1.3669,2.2831,1775608468502816491
diasbp,no_sharing,58.2546,147.9239,124.4876,34.8294,0.0017,44.7162,22.429,23.4363,1775608468551505916
diasbp,no_sharing,58.2562,146.3382,124.4876,34.8294,0.0017,44.7162,20.8206,21.8506,1775608468551505916
diasbp,no_sharing,58.3122,182.2565,87.2706,36.6644,0.0018,50.3866,90.0452,94.9859,1775608468676751961
diasbp,no_sharing,59.0428,44.7347,42.4966,41.5425,0.0022,0.6577,1.3995,2.2381,1775608469318711697
diasbp,no_sharing,59.3044,76.3841,74.0464,72.3948,0.0037,1.1648,1.3936,2.3377,1775608469580318644
diasbp,no_sharing,59.4908,48.5973,46.3237,40.1406,0.002,5.9292,1.4424,2.2736,1775608469766686577
diasbp,no_sharing,59.6961,58.8815,56.3173,53.014,0.0041,2.7993,1.5566,2.5642,1775608469972111536
diasbp,no_sharing,60.2749,44.2302,41.7706,40.4561,0.0022,1.0336,1.5202,2.4596,1775608470550872931
diasbp,no_sharing,60.4474,47.7624,45.2701,44.3619,0.0022,0.6359,1.5452,2.4923,1775608470723428495
diasbp,no_sharing,60.7332,72.2876,70.0235,68.0523,0.0039,1.462,1.3289,2.2641,1775608471009048538
diasbp,no_sharing,60.8021,51.1551,47.012,46.0917,0.0021,0.6498,3.2127,4.1431,1775608471079827612
diasbp,no_sharing,61.1438,80.1721,77.6023,47.2405,0.0024,30.0827,1.6286,2.5698,1775608471419944856
diasbp,no_sharing,61.2839,79.227,76.7318,74.3593,0.0037,1.89,1.4904,2.4952,1775608471559920934
diasbp,no_sharing,61.3403,79.2506,55.7035,47.4153,0.0022,8.0032,22.6524,23.5471,1775608471637473949
diasbp,no_sharing,61.4298,60.813,58.5187,39.2172,0.0019,19.0534,1.404,2.2943,1775608471705682100
diasbp,no_sharing,61.7503,85.3512,82.8049,76.9153,0.0038,5.4099,1.6205,2.5463,1775608472026393447
diasbp,no_sharing,61.758,136.941,58.2728,50.0668,0.0139,7.7321,77.4567,78.6682,1775608472109968745
diasbp,no_sharing,62.0527,61.6603,58.8784,39.4246,0.0019,19.2084,1.889,2.7819,1775608472329118349
diasbp,no_sharing,62.0962,80.3528,61.6046,37.3731,0.0107,23.9828,17.8528,18.7481,1775608472388583129
diasbp,no_sharing,62.6628,63.6206,61.1487,57.1866,0.0027,3.6049,1.5407,2.4718,1775608472938838546
diasbp,no_sharing,63.0952,77.3389,74.9703,73.3118,0.0038,1.1477,1.4615,2.3686,1775608473371160514
diasbp,no_sharing,63.2461,48.2657,45.7278,44.7351,0.0023,0.6881,1.6136,2.5379,1775608473522212005
diasbp,no_sharing,63.3256,52.058,49.674,48.7552,0.0023,0.6662,1.4715,2.384,1775608473601542664
diasbp,no_sharing,63.3303,116.9198,68.9481,41.5361,0.0021,27.1591,47.0889,47.9717,1775608473651846766
diasbp,no_sharing,63.741,82.0978,79.8523,64.8232,0.0031,14.5971,1.3821,2.2455,1775608474016857527
diasbp,no_sharing,64.0934,75.325,72.8152,71.3172,0.0037,1.0424,1.6026,2.5099,1775608474369520493
diasbp,no_sharing,64.3681,48.7385,46.2758,44.3414,0.0022,1.6729,1.5712,2.4626,1775608474644109723
diasbp,no_sharing,64.7502,53.3986,51.0611,43.3658,0.0022,6.6506,1.4827,2.3375,1775608475026158878
diasbp,no_sharing,64.8597,45.7366,43.3935,42.5357,0.002,0.5865,1.4474,2.343,1775608475135658384
diasbp,no_sharing,64.9477,45.779,43.3621,42.4817,0.0022,0.6143,1.4741,2.4168,1775608475223631997
diasbp,no_sharing,65.1344,50.0805,47.5179,46.6044,0.0023,0.6367,1.6239,2.5626,1775608475410476880
diasbp,no_sharing,65.6398,59.3312,56.674,44.5257,0.0021,11.8711,1.7688,2.6571,1775608475916069190
diasbp,no_sharing,65.8718,87.183,84.5563,82.7444,0.0044,1.2844,1.5323,2.6267,1775608476147855732
diasbp,no_sharing,65.9662,60.8931,58.2985,50.2821,0.0023,7.7193,1.6305,2.5946,1775608476242359086
diasbp,no_sharing,66.0479,55.4805,53.0256,44.2619,0.0021,8.5035,1.5361,2.4549,1775608476323953520
diasbp,no_sharing,66.1426,51.888,49.659,40.3489,0.002,9.0644,1.3659,2.2289,1775608476418471909
diasbp,no_sharing,66.3128,106.5495,104.1584,59.82,0.0029,43.9762,1.5752,2.3911,1775608476588861285
diasbp,no_sharing,66.4694,60.2264,57.7847,55.7222,0.0031,1.6724,1.5197,2.4417,1775608476745395427
diasbp,no_sharing,66.6316,52.9494,50.3829,49.4387,0.0023,0.6685,1.6041,2.5666,1775608476907719846
diasbp,no_sharing,66.7901,69.0844,66.5773,49.3657,0.0025,16.9245,1.5814,2.5071,1775608477066188208
diasbp,no_sharing,66.8411,86.802,68.055,45.3746,0.0021,22.4276,17.8823,18.747,1775608477133439290
diasbp,no_sharing,67.6266,93.0717,90.8682,76.3631,0.0037,13.9781,1.3633,2.2035,1775608477902449244
diasbp,no_sharing,67.769,91.0628,88.7573,77.043,0.0041,11.1899,1.3909,2.3055,1775608478044906478
diasbp,no_sharing,67.9785,62.6581,60.3754,40.4402,0.0023,19.6455,1.4727,2.2827,1775608478254489484
diasbp,no_sharing,68.1617,57.8094,55.5784,40.317,0.0021,15.0015,1.3895,2.2309,1775608478437594334
diasbp,no_sharing,69.1866,52.4819,49.9354,42.6169,0.0021,7.0446,1.6694,2.5465,1775608479462710749
diasbp,no_sharing,69.2291,83.5016,73.0269,51.8982,0.0021,20.8705,9.6371,10.4747,1775608479513219789
diasbp,no_sharing,69.4123,46.7873,44.4307,43.524,0.0021,0.6312,1.4915,2.3566,1775608479688298668
diasbp,no_sharing,69.6312,73.8585,71.7034,47.2675,0.0021,24.1646,1.3645,2.1551,1775608479907006765
diasbp,no_sharing,69.7715,90.2646,88.1705,62.1319,0.003,25.6351,1.3433,2.094,1775608480047306774
diasbp,no_sharing,69.8323,134.7458,104.6725,42.937,0.002,61.4678,29.3994,30.0733,1775608480136208200
diasbp,no_sharing,70.8307,47.2164,44.9443,44.0257,0.0022,0.6265,1.4365,2.2721,1775608481106657196
diasbp,no_sharing,70.8413,80.718,43.4573,42.59,0.002,0.6137,36.4566,37.2607,1775608481152251092
diasbp,no_sharing,70.8821,85.4194,45.0911,40.0434,0.002,4.7989,39.6497,40.3283,1775608481196258460
diasbp,no_sharing,71.041,59.7591,57.6241,41.6851,0.0021,15.6795,1.3814,2.135,1775608481316912897
diasbp,no_sharing,71.6158,53.9727,51.5584,43.8547,0.0019,7.4785,1.5121,2.4143,1775608481891754264
diasbp,no_sharing,71.7504,41.6007,38.9442,36.704,0.002,2.0119,1.5416,2.6565,1775608482026400674
diasbp,no_sharing,71.8022,71.9197,69.8272,39.3928,0.0019,30.2168,1.3108,2.0925,1775608482078036655
diasbp,no_sharing,72.0012,76.1814,74.1662,36.3473,0.0016,37.0959,1.3649,2.0152,1775608482277077234
diasbp,no_sharing,72.218,40.0441,38.2598,37.3002,0.0023,0.6654,1.1775,1.7843,1775608482493662343
diasbp,no_sharing,72.2852,35.4259,33.5364,32.8384,0.0017,0.4985,1.1849,1.8895,1775608482560872367
diasbp,no_sharing,72.4169,38.2049,36.1566,35.4411,0.0019,0.5041,1.3859,2.0483,1775608482692739188
diasbp,no_sharing,72.5606,77.9183,75.82,38.4632,0.002,37.1114,1.4219,2.0983,1775608482836548904
diasbp,no_sharing,72.7326,54.3745,52.2481,51.0288,0.0029,0.8822,1.2019,2.1264,1775608483008296340
diasbp,no_sharing,72.7856,98.1908,95.7811,36.6221,0.0071,58.8901,1.5666,2.4097,1775608483061672500
diasbp,no_sharing,73.1198,39.371,36.4761,35.7299,0.0017,0.5115,1.5676,2.8949,1775608483395820168
diasbp,no_sharing,73.152,62.283,55.0456,33.7005,0.0018,21.13,6.4006,7.2374,1775608483432874099
diasbp,no_sharing,73.3525,56.612,54.7653,44.6016,0.0022,9.8777,0.982,1.8467,1775608483627921790
diasbp,no_sharing,73.3609,118.2466,69.5727,38.8022,0.0016,30.5563,47.9524,48.6739,1775608483683287417
diasbp,no_sharing,73.5134,93.5423,91.339,34.9742,0.0016,56.15,1.2538,2.2033,1775608483789124725
diasbp,no_sharing,75.0553,63.7543,60.9599,39.1791,0.0019,21.5313,1.7955,2.7944,1775608485331619992
diasbp,no_sharing,75.3911,81.867,79.5054,77.7263,0.0041,1.2331,1.5028,2.3616,1775608485667054742
diasbp,no_sharing,75.5259,48.9585,46.6195,45.6878,0.0021,0.6396,1.5824,2.339,1775608485801927730
diasbp,no_sharing,75.5906,73.447,71.289,42.4349,0.002,28.6029,1.4043,2.158,1775608485866473971
diasbp,no_sharing,75.73,85.6025,83.6364,57.7002,0.003,25.5602,1.2207,1.9661,1775608486005744676
diasbp,no_sharing,76.4237,80.8244,78.2011,76.5183,0.0041,1.1803,1.7061,2.6233,1775608486699917847
diasbp,no_sharing,77.1145,47.9901,45.4503,44.5392,0.0022,0.6214,1.6279,2.5398,1775608487390587823
diasbp,no_sharing,77.449,47.1168,44.5792,43.6775,0.002,0.6444,1.4808,2.5376,1775608487724955361
diasbp,no_sharing,77.5407,56.4556,54.2255,38.2929,0.002,15.6905,1.4069,2.2301,1775608487816569636
diasbp,no_sharing,77.7511,81.7564,79.314,77.6532,0.0039,1.1511,1.4803,2.4423,1775608488027045664
diasbp,no_sharing,77.7905,128.3958,85.5659,78.6736,0.0036,3.1881,42.1488,42.8299,1775608488107115186
diasbp,no_sharing,77.8162,102.8385,85.5659,78.6736,0.0036,3.1881,16.4642,17.2726,1775608488107115186
diasbp,no_sharing,78.0777,56.7827,54.2677,53.2387,0.0196,0.6902,1.5454,2.515,1775608488353721611
diasbp,no_sharing,78.0882,93.2965,46.3701,44.1035,0.0022,2.0074,46.0253,46.9264,1775608488408662031
diasbp,no_sharing,78.2346,62.501,60.1947,58.8572,0.0031,0.9475,1.3607,2.3063,1775608488510445054
diasbp,no_sharing,78.359,43.9715,41.6243,40.7512,0.002,0.6155,1.4336,2.3472,1775608488634955933
diasbp,no_sharing,78.4172,47.0748,44.8072,41.1246,0.0023,3.4143,1.3936,2.2676,1775608488693086432
diasbp,no_sharing,78.4395,71.4414,45.9975,40.5193,0.0021,5.2078,24.5266,25.444,1775608488738524481
diasbp,no_sharing,78.6042,59.6278,57.1977,47.8147,0.0023,9.0964,1.5407,2.4301,1775608488880239374
diasbp,no_sharing,79.068,48.2452,46.0401,37.1389,0.0021,8.6375,1.4241,2.2051,1775608489343898912
diasbp,no_sharing,79.3708,67.4441,65.1072,41.3146,0.0019,22.9657,1.4844,2.3369,1775608489646793107
diasbp,no_sharing,79.5348,41.8434,39.4514,38.709,0.0017,0.5251,1.4462,2.392,1775608489810712963
diasbp,no_sharing,79.6823,84.6415,82.4488,38.4938,0.0018,43.7276,1.3192,2.1927,1775608489958107767
diasbp,no_sharing,80.0313,104.502,102.1742,36.3812,0.0017,65.5762,1.4465,2.3277,1775608490307200676
diasbp,no_sharing,80.15,108.602,106.4202,36.113,0.0015,70.0952,1.3652,2.1819,1775608490425816452
diasbp,no_sharing,80.2698,104.1892,101.609,42.9495,0.0022,58.3869,1.3847,2.5802,1775608490545717006
diasbp,no_sharing,80.3095,148.3135,83.5711,44.2486,0.0023,39.0242,63.8509,64.7425,1775608490647860322
diasbp,no_sharing,80.3864,129.2088,57.2153,45.2777,0.0024,11.6556,71.1501,71.9935,1775608490732023934
diasbp,no_sharing,81.2052,54.2059,51.8606,50.2162,0.0037,1.1606,1.4412,2.3453,1775608491481099223
diasbp,no_sharing,81.4197,52.5036,49.9047,48.947,0.0024,0.6846,1.6997,2.5989,1775608491695908880
diasbp,no_sharing,81.5072,56.8905,54.6446,44.1908,0.0021,10.1927,1.405,2.2458,1775608491783064533
diasbp,no_sharing,82.1048,82.5083,80.1348,44.6192,0.0023,35.2304,1.5013,2.3735,1775608492380812633
diasbp,no_sharing,82.1895,91.9468,89.6501,38.338,0.0017,51.0921,1.3139,2.2967,1775608492465325435
diasbp,no_sharing,82.2092,192.8875,119.2639,78.1825,0.0037,13.5138,72.0611,73.6237,1775608492555748838
diasbp,no_sharing,82.2179,184.2661,119.2639,78.1825,0.0037,13.5138,63.4029,65.0022,1775608492555748838
diasbp,no_sharing,82.2695,132.719,119.2639,78.1825,0.0037,13.5138,11.7908,13.4552,1775608492555748838
diasbp,no_sharing,82.3204,129.2963,47.0339,46.1154,0.0021,0.6242,81.3942,82.2624,1775608492676241165
diasbp,no_sharing,82.663,51.5056,48.9499,48.0247,0.0024,0.6499,1.5399,2.5556,1775608492939034075
diasbp,no_sharing,82.6947,66.3404,45.947,44.9868,0.002,0.6789,19.5239,20.3935,1775608492988730335
diasbp,no_sharing,82.7998,43.7779,41.5014,40.6437,0.0021,0.6116,1.4269,2.2765,1775608493075743798
diasbp,no_sharing,82.8558,43.8342,41.638,40.7608,0.002,0.6094,1.4546,2.1962,1775608493131756431
diasbp,no_sharing,83.0188,47.4393,45.0024,44.1102,0.0023,0.6225,1.5714,2.4369,1775608493294867947
diasbp,no_sharing,83.3489,54.754,52.686,38.5356,0.0021,13.9089,1.359,2.068,1775608493624720562
diasbp,no_sharing,83.5132,41.4076,39.1985,38.2808,0.0019,0.677,1.2903,2.2091,1775608493788923605
diasbp,no_sharing,83.5208,126.2164,91.963,39.8044,0.0019,51.9212,33.4935,34.2534,1775608493828764164
diasbp,no_sharing,83.751,61.6503,59.4264,56.44,0.0032,2.5917,1.3483,2.2239,1775608494026806785
diasbp,no_sharing,83.8937,100.1854,97.7921,58.7642,0.003,38.6375,1.4563,2.3933,1775608494169590527
diasbp,no_sharing,83.9479,139.4529,93.0383,43.0657,0.002,49.7159,45.666,46.4146,1775608494268058499
diasbp,no_sharing,84.1488,73.8282,71.7235,41.6433,0.002,29.8346,1.3425,2.1047,1775608494424621414
diasbp,no_sharing,84.2425,108.547,106.2653,47.8481,0.0023,58.1488,1.3592,2.2817,1775608494518361143
diasbp,no_sharing,84.3162,114.219,78.7547,43.3285,0.0023,35.1625,34.5483,35.4642,1775608494625248856
diasbp,no_sharing,85.4466,56.1273,53.6653,41.725,0.0023,11.6834,1.5032,2.462,1775608495722611900
diasbp,no_sharing,85.5003,72.0625,69.0179,41.9832,0.0021,26.7856,2.1503,3.0445,1775608495776917893
diasbp,no_sharing,85.595,49.3231,47.0721,40.7534,0.002,5.465,1.3659,2.251,1775608495870820692
diasbp,no_sharing,85.8816,52.0053,49.8127,38.1485,0.0018,11.4369,1.4725,2.1926,1775608496157569984
diasbp,no_sharing,86.0525,60.4072,58.1206,38.3107,0.0018,19.5957,1.3967,2.2865,1775608496328427648
diasbp,no_sharing,86.6866,46.278,43.8168,41.2958,0.002,2.2942,1.5469,2.4612,1775608496962631563
diasbp,no_sharing,87.4451,40.0841,37.809,37.0026,0.0018,0.5434,1.4322,2.2751,1775608497721032774
diasbp,no_sharing,87.6838,41.7125,39.0636,38.2587,0.0018,0.554,1.3778,2.6489,1775608497959640008
diasbp,no_sharing,87.7148,63.7693,52.8222,43.1563,0.0018,9.4455,10.006,10.9471,1775608497999297959
diasbp,no_sharing,87.7559,112.1621,88.7039,34.3611,0.0016,27.0587,22.3937,23.4582,1775608498052728498
diasbp,no_sharing,87.7625,105.5508,88.7039,34.3611,0.0016,27.0587,15.7599,16.8469,1775608498052728498
diasbp,no_sharing,87.8415,176.8336,149.5739,37.993,0.0016,55.6788,26.2644,27.2597,1775608498142213845
diasbp,no_sharing,87.8624,155.9346,149.5739,37.993,0.0016,55.6788,5.3427,6.3607,1775608498142213845
diasbp,no_sharing,87.9039,200.3703,85.4127,37.0821,0.0017,48.1139,114.0995,114.9576,1775608498292449929
diasbp,no_sharing,88.4818,45.9135,43.6313,36.2814,0.002,7.1001,1.4133,2.2821,1775608498757656548
diasbp,no_sharing,88.5379,36.7901,34.6631,33.9624,0.0017,0.4959,1.3039,2.127,1775608498813656257
diasbp,no_sharing,88.7703,80.24,77.7371,76.0145,0.0042,1.2079,1.4739,2.5029,1775608499046217894
diasbp,no_sharing,88.9788,51.7893,49.2096,45.741,0.0022,3.1862,1.6091,2.5797,1775608499254893032
diasbp,no_sharing,89.3013,48.0096,45.5229,40.1056,0.0019,5.1911,1.5583,2.4868,1775608499577352661
diasbp,no_sharing,89.3635,39.7832,37.5711,36.8331,0.0019,0.5096,1.3511,2.2122,1775608499639352106
diasbp,no_sharing,89.9242,88.2542,86.0229,35.9452,0.0018,49.8263,1.3657,2.2313,1775608500200084995
diasbp,no_sharing,89.9852,85.7704,57.9446,33.8729,0.0017,23.8627,26.9804,27.8258,1775608500286699346
diasbp,no_sharing,90.1079,57.4687,55.3131,32.2164,0.0016,22.8739,1.287,2.1555,1775608500383697050
diasbp,no_sharing,90.858,38.7006,36.4486,35.684,0.0017,0.5446,1.4887,2.252,1775608501133948851
diasbp,no_sharing,91.0578,41.3201,38.9284,37.6188,0.0019,1.0928,1.4641,2.3917,1775608501333742120
diasbp,no_sharing,91.0685,82.48,51.247,36.5119,0.0017,14.5123,30.4217,31.2329,1775608501373404949
diasbp,no_sharing,91.3629,60.5862,58.022,46.7409,0.0022,11.0211,1.6119,2.5642,1775608501638948849
diasbp,no_sharing,91.3733,98.228,47.4252,40.7211,0.0018,3.2424,49.7682,50.8027,1775608501697585160
diasbp,no_sharing,91.4091,62.5253,47.4252,40.7211,0.0018,3.2424,14.0431,15.1,1775608501697585160
diasbp,no_sharing,91.5565,48.5878,46.3399,37.2601,0.0018,8.8518,1.3812,2.2479,1775608501832380633
diasbp,no_sharing,92.237,82.8888,80.5023,78.8208,0.0039,1.164,1.5008,2.3866,1775608502512955532
diasbp,no_sharing,92.3548,73.8437,71.4392,39.0824,0.002,32.0915,1.5097,2.4046,1775608502630821365
diasbp,no_sharing,92.5726,50.4174,48.0592,43.4498,0.0021,4.3315,1.4901,2.3582,1775608502848595860
diasbp,no_sharing,92.9051,60.9767,58.28,49.3148,0.0024,8.6833,1.6923,2.6967,1775608503181262060
diasbp,no_sharing,93.6602,59.5958,57.2323,40.7927,0.0022,16.1666,1.5135,2.3636,1775608503936230459
diasbp,no_sharing,93.743,81.1484,78.759,75.7197,0.0041,2.4926,1.3764,2.3894,1775608504018882757
diasbp,no_sharing,93.7477,144.1164,66.572,54.5702,0.0022,3.8917,76.3092,77.5444,1775608504098462560
diasbp,no_sharing,93.7672,124.5873,66.572,54.5702,0.0022,3.8917,56.7575,58.0153,1775608504098462560
diasbp,no_sharing,93.8159,75.9673,66.572,54.5702,0.0022,3.8917,8.1043,9.3953,1775608504098462560
diasbp,no_sharing,93.8553,79.0606,41.9431,41.0834,0.0021,0.5955,36.2182,37.1175,1775608504166039716
diasbp,no_sharing,94.2759,119.5729,117.2123,77.8763,0.0036,38.8176,1.4508,2.3606,1775608504551849941
diasbp,no_sharing,94.302,319.4952,225.0858,82.3765,0.0037,35.5147,93.2815,94.4094,1775608504669729759
diasbp,no_sharing,94.3167,305.1772,225.0858,82.3765,0.0037,35.5147,78.5873,80.0914,1775608504669729759
diasbp,no_sharing,94.345,276.8865,225.0858,82.3765,0.0037,35.5147,50.2763,51.8007,1775608504669729759
diasbp,no_sharing,94.3824,239.5003,225.0858,82.3765,0.0037,35.5147,12.8591,14.4145,1775608504669729759
diasbp,no_sharing,94.5581,139.7319,75.1772,73.5178,0.0038,1.1389,63.6783,64.5547,1775608504896306191
diasbp,no_sharing,94.6301,136.9262,68.3164,67.1807,0.0025,0.7937,67.687,68.6098,1775608504972244735
diasbp,no_sharing,94.8255,45.537,43.1895,42.2749,0.0022,0.6378,1.4462,2.3475,1775608505101444161
diasbp,no_sharing,94.9413,51.8613,49.1334,48.1696,0.0024,0.6762,1.4429,2.7279,1775608505217208230
diasbp,no_sharing,94.961,138.1142,105.6453,43.4913,0.0022,30.9399,31.4531,32.4689,1775608505266937605
diasbp,no_sharing,94.9657,133.4548,105.6453,43.4913,0.0022,30.9399,26.7704,27.8095,1775608505266937605
diasbp,no_sharing,95.4556,46.1996,43.8416,41.2167,0.0022,2.3323,1.4966,2.358,1775608505731576060
diasbp,no_sharing,95.8029,50.6535,48.351,41.5039,0.0019,6.5645,1.4927,2.3025,1775608506078848843
diasbp,no_sharing,95.8515,44.3168,41.7798,40.9246,0.0021,0.6049,1.7111,2.537,1775608506127723050
diasbp,no_sharing,96.0191,52.3722,49.9529,40.6121,0.0021,9.0717,1.5051,2.4194,1775608506295131730
diasbp,no_sharing,96.279,64.0273,61.7006,41.0891,0.0021,20.3207,1.4031,2.3267,1775608506554847156
diasbp,no_sharing,96.3082,83.1969,47.8204,38.7152,0.0017,8.8936,34.4875,35.3765,1775608506617122458
diasbp,no_sharing,96.6107,68.3804,66.0017,42.1887,0.0019,23.5621,1.5109,2.3787,1775608506886733973
diasbp,no_sharing,96.6439,105.2694,69.3469,39.7234,0.0018,29.4001,35.0404,35.9225,1775608506953406018
diasbp,no_sharing,97.5686,64.1313,61.8586,35.8623,0.0021,25.7716,1.4482,2.2727,1775608507844531842
diasbp,no_sharing,98.0096,79.1018,76.7179,74.975,0.0038,1.2377,1.498,2.3839,1775608508285574427
diasbp,no_sharing,98.084,65.5043,60.0269,50.3475,0.002,9.3887,4.5745,5.4774,1775608508363062247
diasbp,no_sharing,98.2364,92.1974,89.4838,75.1316,0.0039,12.7896,1.8044,2.7136,1775608508512675006
diasbp,no_sharing,98.9726,67.0571,64.7752,42.2925,0.0019,22.2299,1.5285,2.282,1775608509248633511
diasbp,no_sharing,99.0376,113.7071,110.9215,42.0148,0.002,68.656,1.8642,2.7855,1775608509313965133
diasbp,no_sharing,99.4185,46.5348,44.2568,43.3748,0.0022,0.6238,1.456,2.2779,1775608509694449250
diasbp,no_sharing,99.7295,93.3282,87.1925,84.9236,0.0101,1.4331,5.0609,6.1357,1775608510009019438
diasbp,no_sharing,99.7962,85.804,58.4774,57.505,0.0021,0.6721,26.4115,27.3266,1775608510097127602
diasbp,no_sharing,99.844,81.7256,43.198,42.3049,0.0021,0.617,37.6787,38.5276,1775608510156171057
diasbp,no_sharing,99.9279,44.0168,41.6479,40.7791,0.0021,0.6075,1.4296,2.369,1775608510203843977
diasbp,no_sharing,99.9346,86.5695,48.7038,40.9942,0.0021,7.4421,37.0357,37.8657,1775608510246097521
diasbp,no_sharing,100.0018,119.7319,99.8202,41.15,0.0021,58.4002,19.1262,19.9117,1775608510295411714
diasbp,no_sharing,100.1678,62.8932,60.7389,44.6966,0.002,15.7802,1.2777,2.1542,1775608510443549657
diasbp,no_sharing,100.3499,64.6884,62.1737,49.4899,0.0025,12.4111,1.6317,2.5147,1775608510626033291
diasbp,no_sharing,100.5115,53.3464,51.0424,42.0074,0.002,8.7779,1.4174,2.304,1775608510787357671
diasbp,no_sharing,100.5142,151.8457,100.1993,43.7144,0.0019,18.7401,50.3669,51.6464,1775608510839002160
diasbp,no_sharing,100.5372,128.8042,100.1993,43.7144,0.0019,18.7401,27.3023,28.6049,1775608510839002160
diasbp,no_sharing,100.5571,108.8922,100.1993,43.7144,0.0019,18.7401,7.3764,8.6929,1775608510839002160
diasbp,no_sharing,100.8217,84.9388,82.7759,38.6072,0.0019,43.9007,1.4327,2.1629,1775608511097582365
diasbp,no_sharing,101.0341,38.5203,36.3247,35.5925,0.0017,0.5043,1.3795,2.1957,1775608511309923771
diasbp,no_sharing,101.3887,49.5193,47.2969,32.8249,0.0019,14.2298,1.3728,2.2224,1775608511664600689
diasbp,no_sharing,101.6265,34.95,32.4205,31.7276,0.0017,0.4828,1.3716,2.5295,1775608511902310860
diasbp,no_sharing,101.661,36.7107,34.5149,33.8513,0.0017,0.4731,1.3971,2.1958,1775608511936853719
diasbp,no_sharing,101.835,57.79,55.3736,39.3065,0.002,15.8061,1.5259,2.4165,1775608512110995886
diasbp,no_sharing,101.9557,44.7595,42.5653,34.8699,0.0018,7.4822,1.3425,2.1942,1775608512231569682
diasbp,no_sharing,102.1407,43.7353,41.3408,40.5845,0.002,0.5375,1.5202,2.3945,1775608512416707084
diasbp,no_sharing,102.3214,42.0642,39.6461,38.8471,0.002,0.5639,1.5349,2.4181,1775608512597376620
diasbp,no_sharing,102.4602,45.3959,43.0205,42.185,0.0022,0.5876,1.4987,2.3754,1775608512736145191
diasbp,no_sharing,102.6422,76.9064,74.7435,39.6497,0.0023,34.8209,1.3878,2.1629,1775608512918111068
diasbp,no_sharing,102.6704,139.7979,90.3681,42.5286,0.0018,47.6252,48.5618,49.4299,1775608512993397666
diasbp,no_sharing,102.8663,110.5635,107.8266,35.5929,0.0017,72.0121,1.5678,2.7369,1775608513142367239
diasbp,no_sharing,102.9764,80.3759,77.8783,37.4404,0.0018,40.2191,1.4212,2.4976,1775608513252319479
diasbp,no_sharing,103.115,36.5167,34.3365,33.621,0.0017,0.4978,1.369,2.1802,1775608513390900395
diasbp,no_sharing,103.1516,58.0351,55.8869,32.4393,0.0018,23.2459,1.2691,2.1482,1775608513427337635
diasbp,no_sharing,103.1852,71.4457,46.3223,34.2149,0.0019,5.9205,24.0774,25.1234,1775608513483786443
diasbp,no_sharing,103.2019,54.7788,46.3223,34.2149,0.0019,5.9205,7.3876,8.4565,1775608513483786443
diasbp,no_sharing,103.8053,41.8227,39.4223,38.0553,0.0021,0.5436,1.5209,2.4004,1775608514081335427
diasbp,no_sharing,103.9982,49.4092,47.1189,39.5136,0.002,7.3729,1.4224,2.2903,1775608514274057544
diasbp,no_sharing,104.0058,100.9607,58.6866,36.121,0.0017,22.3322,41.4398,42.2742,1775608514321731905
diasbp,no_sharing,104.0878,53.9086,34.4682,32.1383,0.0016,2.1191,18.6961,19.4404,1775608514380945458
diasbp,no_sharing,104.1932,36.2058,34.0303,33.3504,0.0016,0.4762,1.3409,2.1754,1775608514469014357
diasbp,no_sharing,104.2676,53.3509,51.0599,44.3152,0.0023,6.4487,1.4498,2.291,1775608514543533789
diasbp,no_sharing,104.319,69.4945,66.9771,35.4716,0.0016,31.2735,1.6918,2.5174,1775608514595157104
diasbp,no_sharing,104.5964,40.6666,38.4999,37.7594,0.0018,0.5306,1.3571,2.1667,1775608514872207820
diasbp,no_sharing,104.614,68.9816,45.1506,36.7507,0.0079,4.0566,22.768,23.8311,1775608514911297159
diasbp,no_sharing,104.6146,68.6634,45.1506,36.7507,0.0079,4.0566,22.2363,23.5128,1775608514911297159
diasbp,no_sharing,104.7468,74.0228,71.5725,48.4773,0.0024,22.7666,1.5693,2.4502,1775608515022879742
diasbp,no_sharing,104.9061,55.8441,53.4909,51.6345,0.0027,1.5292,1.4064,2.3532,1775608515181982131
diasbp,no_sharing,105.7685,62.1021,59.7921,43.0279,0.0021,16.4758,1.4677,2.31,1775608516044439845
diasbp,no_sharing,105.9338,82.3619,80.0675,43.6035,0.0021,36.2026,1.42,2.2944,1775608516209750215
diasbp,no_sharing,106.0194,38.0285,35.7693,35.0601,0.0018,0.498,1.3556,2.2592,1775608516295212922
diasbp,no_sharing,106.1527,55.3966,52.7955,38.8426,0.0018,13.7436,1.3387,2.601,1775608516428472889
diasbp,no_sharing,106.3418,57.06,54.5131,35.7045,0.0019,18.5864,1.3416,2.5469,1775608516617631885
diasbp,no_sharing,106.5984,50.6082,47.8751,46.8434,0.0026,0.7453,1.8654,2.733,1775608516874792546
diasbp,no_sharing,106.5985,98.3601,47.05,45.6148,0.002,0.5749,50.4022,51.31,1775608516923362233
diasbp,no_sharing,106.6198,77.2183,47.05,45.6148,0.002,0.5749,29.1104,30.1683,1775608516923362233
diasbp,no_sharing,106.8873,96.4863,94.285,42.559,0.002,51.4403,1.3947,2.2013,1775608517163166740
diasbp,no_sharing,107.1168,67.3318,65.1317,39.657,0.0021,25.2283,1.3263,2.2,1775608517392593474
diasbp,no_sharing,107.5669,68.6102,66.3603,63.9826,0.0034,1.9465,1.3688,2.2499,1775608517842780802
diasbp,no_sharing,107.7162,71.5008,68.7145,66.947,0.0039,1.2432,1.4338,2.7863,1775608517992101515
diasbp,no_sharing,107.7329,154.3043,98.2779,54.2737,0.0021,10.9251,54.7729,56.0264,1775608518062108207
diasbp,no_sharing,107.7329,154.2943,98.2779,54.2737,0.0021,10.9251,54.7404,56.0164,1775608518062108207
diasbp,no_sharing,107.7728,114.5396,98.2779,54.2737,0.0021,10.9251,14.8604,16.2618,1775608518062108207
diasbp,no_sharing,107.7854,101.9063,98.2779,54.2737,0.0021,10.9251,2.1939,3.6284,1775608518062108207
diasbp,no_sharing,107.7899,164.7823,66.5414,41.7547,0.0021,12.2556,97.3649,98.2409,1775608518161747399
diasbp,no_sharing,107.8056,149.3001,66.5414,41.7547,0.0021,12.2556,81.7003,82.7587,1775608518161747399
diasbp,no_sharing,108.2998,68.8844,66.4204,65.0424,0.0032,0.9563,1.626,2.464,1775608518575918211
diasbp,no_sharing,108.4422,81.3937,79.0103,46.892,0.0021,31.7967,1.5464,2.3834,1775608518718188500
diasbp,no_sharing,108.5756,43.5927,41.3394,40.4807,0.0022,0.6002,1.3576,2.2533,1775608518851475593
diasbp,no_sharing,108.9105,61.0194,58.6471,40.7934,0.002,17.573,1.5521,2.3723,1775608519186527149
diasbp,no_sharing,109.1749,56.7074,54.1907,49.8459,0.0024,4.0491,1.6608,2.5166,1775608519451025563
diasbp,no_sharing,109.2972,44.0831,41.6749,40.8097,0.002,0.6147,1.4665,2.4082,1775608519573124717
diasbp,no_sharing,109.4158,46.3634,44.0251,43.1378,0.0023,0.6272,1.4505,2.3382,1775608519691734271
diasbp,no_sharing,110.0056,80.7893,78.415,41.4039,0.002,36.7439,1.4431,2.3743,1775608520281558589
diasbp,no_sharing,110.2451,80.2429,77.882,74.4544,0.0039,2.9283,1.4629,2.3609,1775608520521031803
diasbp,no_sharing,110.3469,78.582,76.3409,41.5697,0.0021,34.4948,1.3957,2.2411,1775608520622804674
diasbp,no_sharing,110.8546,81.9082,79.4272,77.6741,0.0043,1.2387,1.4908,2.4811,1775608521130557884
diasbp,no_sharing,111.0308,45.5434,43.2341,42.3579,0.0021,0.5884,1.4954,2.3093,1775608521306767665
diasbp,no_sharing,111.0956,59.7959,57.3404,40.2646,0.002,16.8121,1.6356,2.4554,1775608521371736843
diasbp,no_sharing,111.198,53.9713,51.7818,39.1182,0.002,12.409,1.3142,2.1895,1775608521473799331
diasbp,no_sharing,111.2852,79.2058,76.9709,58.2361,0.0029,18.3495,1.385,2.2349,1775608521561043583
diasbp,no_sharing,111.3514,61.6698,48.0287,41.8192,0.0021,5.9595,12.773,13.6411,1775608521638676537
diasbp,no_sharing,111.6311,44.0087,41.6691,40.7835,0.0019,0.6127,1.4524,2.3397,1775608521907009330
diasbp,no_sharing,111.8898,57.4436,54.9562,45.9282,0.0022,8.0493,1.5397,2.4874,1775608522165813574
diasbp,no_sharing,112.1093,70.5748,68.079,47.4489,0.0024,20.36,1.5712,2.4957,1775608522385403866
diasbp,no_sharing,112.3054,88.4516,85.6844,83.8875,0.0045,1.269,1.7333,2.7672,1775608522581596202
diasbp,no_sharing,112.4471,54.2548,51.4423,50.4246,0.0026,0.6902,1.6501,2.8125,1775608522723184407
diasbp,no_sharing,112.4878,59.3772,45.3102,44.4167,0.0021,0.6194,13.1435,14.067,1775608522775427917
diasbp,no_sharing,112.5005,105.1519,57.8219,40.692,0.0021,16.8719,46.416,47.33,1775608522821386237
diasbp,no_sharing,112.7299,63.4818,61.0098,59.7475,0.0031,0.9052,1.4992,2.472,1775608523005928100
diasbp,no_sharing,113.6063,52.8336,50.4013,44.9731,0.0021,5.1349,1.5833,2.4322,1775608523882394699
diasbp,no_sharing,113.781,56.998,54.4576,45.6454,0.0021,8.5566,1.5757,2.5404,1775608524057060707
diasbp,no_sharing,113.8811,45.8047,43.2909,42.4527,0.0021,0.5988,1.5817,2.5138,1775608524157212008
diasbp,no_sharing,114.0561,48.3453,46.1004,44.4037,0.0026,1.3885,1.3423,2.2449,1775608524331930620
diasbp,no_sharing,114.0678,83.384,46.0798,45.2685,0.0019,0.5621,36.4516,37.3042,1775608524378705744
diasbp,no_sharing,114.1187,79.36,46.3812,37.0328,0.0018,9.1436,32.1941,32.9788,1775608524425343107
diasbp,no_sharing,114.1664,75.6106,43.3403,34.7974,0.0016,8.3308,31.4488,32.2704,1775608524472283845
diasbp,no_sharing,114.3125,75.8369,73.6115,40.9242,0.002,32.4396,1.3638,2.2254,1775608524588372712
diasbp,no_sharing,114.6069,74.7852,72.4488,47.3079,0.0021,24.8348,1.4529,2.3365,1775608524882804114
diasbp,no_sharing,114.8306,63.6346,61.2659,43.0448,0.0021,17.9423,1.509,2.3687,1775608525106597479
diasbp,no_sharing,114.9294,58.9359,56.6389,42.1037,0.0022,14.2764,1.3955,2.297,1775608525205323879
diasbp,no_sharing,114.9598,94.8844,65.7889,44.101,0.0019,21.4402,28.2488,29.0955,1775608525262537256
diasbp,no_sharing,115.0819,44.1875,41.9099,41.0541,0.0019,0.6104,1.3599,2.2776,1775608525357745803
diasbp,no_sharing,115.1094,59.5925,42.4012,40.9656,0.0021,1.1882,16.2895,17.1913,1775608525400220842
diasbp,no_sharing,115.1303,80.4026,41.212,40.3601,0.002,0.6036,38.3911,39.1906,1775608525443159417
diasbp,no_sharing,115.2729,47.4992,45.0937,44.2102,0.0021,0.6115,1.4589,2.4055,1775608525548891097
diasbp,no_sharing,115.7871,81.9497,79.5263,77.8308,0.0038,1.1632,1.4877,2.4234,1775608526063108185
diasbp,no_sharing,115.7978,140.9194,69.0051,57.1531,0.0024,11.5392,71.0917,71.9143,1775608526143412798
diasbp,no_sharing,115.8917,142.7603,95.1567,43.1439,0.0021,51.745,46.8125,47.6036,1775608526212990535
diasbp,no_sharing,116.0557,102.7162,100.5184,38.1799,0.002,62.078,1.3375,2.1978,1775608526331554641
diasbp,no_sharing,116.1131,105.9234,59.9563,39.0334,0.0021,20.6711,45.1188,45.9671,1775608526432668879
diasbp,no_sharing,116.2329,41.8832,39.5826,38.7556,0.0021,0.5821,1.4429,2.3006,1775608526508838280
diasbp,no_sharing,116.4172,43.5433,41.3602,40.4839,0.0022,0.619,1.3669,2.1832,1775608526693001505
diasbp,no_sharing,116.5507,71.7194,69.4623,39.1822,0.0022,30.026,1.358,2.2571,1775608526826578796
diasbp,no_sharing,116.5544,116.5266,47.8656,38.5514,0.0021,8.4257,67.7876,68.661,1775608526896666579
diasbp,no_sharing,116.6628,46.8743,38.1993,37.385,0.0019,0.5766,7.8154,8.675,1775608526945096634
diasbp,no_sharing,116.8731,60.411,58.0652,52.8604,0.0027,4.881,1.4286,2.3458,1775608527148968073
diasbp,no_sharing,117.1468,60.782,58.3276,57.206,0.0028,0.7726,1.5721,2.4543,1775608527422811251
diasbp,no_sharing,117.1865,68.5451,46.4338,45.5613,0.002,0.6131,20.8528,22.1113,1775608527481810266
diasbp,no_sharing,117.3127,43.9167,41.632,40.7743,0.0021,0.6043,1.4083,2.2847,1775608527588591114
diasbp,no_sharing,117.5337,50.3888,47.5278,46.6119,0.0021,0.6479,1.6203,2.861,1775608527809773408
diasbp,no_sharing,117.6442,63.6001,61.3121,42.8428,0.0021,18.2167,1.431,2.288,1775608527920080383
diasbp,no_sharing,117.9869,109.271,106.793,68.9032,0.0032,37.4312,1.5402,2.4781,1775608528262941756
diasbp,no_sharing,118.0214,130.5759,55.0874,43.052,0.0019,11.7757,74.6586,75.4885,1775608528370526175
diasbp,no_sharing,118.2266,76.6594,74.2294,71.3209,0.0044,2.3971,1.44,2.43,1775608528502508758
diasbp,no_sharing,118.2703,86.0598,52.4275,51.4904,0.0023,0.6574,32.7694,33.6323,1775608528577537841
diasbp,no_sharing,118.6864,49.0105,46.75,41.7197,0.0021,4.768,1.4114,2.2606,1775608528962315694
diasbp,no_sharing,118.868,107.7335,105.4763,47.4069,0.0022,57.7778,1.4408,2.2572,1775608529143945737
diasbp,no_sharing,118.9244,150.0041,98.1032,39.9762,0.002,57.8717,51.1279,51.901,1775608529250048615
diasbp,no_sharing,119.3772,44.2846,42.052,40.9888,0.0021,0.7803,1.4067,2.2326,1775608529653082166
diasbp,no_sharing,119.4899,56.1199,53.8717,40.9996,0.0018,12.6508,1.3771,2.2483,1775608529765741538
diasbp,no_sharing,119.7419,84.1167,81.814,76.828,0.0035,4.4951,1.4453,2.3027,1775608530017816239
diasbp,no_sharing,119.7612,237.7803,172.0982,77.5283,0.0038,31.3437,64.636,65.6821,1775608530100350300
diasbp,no_sharing,119.7716,227.3908,172.0982,77.5283,0.0038,31.3437,54.224,55.2926,1775608530100350300
diasbp,no_sharing,119.8128,186.5339,172.0982,77.5283,0.0038,31.3437,13.0975,14.4357,1775608530100350300
diasbp,no_sharing,119.9388,182.7869,121.4735,77.3907,0.0038,21.7731,60.2865,61.3134,1775608530273605600
diasbp,no_sharing,119.9948,126.8375,121.4735,77.3907,0.0038,21.7731,4.3137,5.364,1775608530273605600
diasbp,no_sharing,120.4367,53.6735,51.0679,49.458,0.0023,1.3122,1.6496,2.6056,1775608530712824853
diasbp,no_sharing,120.676,57.8377,55.643,39.5632,0.0019,15.8335,1.3671,2.1947,1775608530951825656
diasbp,no_sharing,120.7942,43.6888,41.366,40.4657,0.002,0.6124,1.4222,2.3228,1775608531070112108
diasbp,no_sharing,120.8681,45.0542,42.7444,41.883,0.002,0.604,1.3757,2.3098,1775608531143963781
diasbp,no_sharing,120.9164,43.7503,41.4729,40.5906,0.002,0.6054,1.4143,2.2774,1775608531192264690
diasbp,no_sharing,121.2818,75.9616,73.5341,71.9232,0.0036,1.1034,1.5168,2.4275,1775608531557842029
diasbp,no_sharing,121.4974,48.5661,46.335,38.4664,0.0019,7.6187,1.3762,2.2311,1775608531773238798
diasbp,no_sharing,121.6777,69.7687,67.5624,42.2033,0.0022,25.1021,1.3187,2.2063,1775608531953495285
diasbp,no_sharing,121.9976,49.3455,46.9619,43.4367,0.0023,3.2348,1.4973,2.3836,1775608532273608999
diasbp,no_sharing,122.2062,55.9592,53.3758,51.7483,0.0036,1.1622,1.3406,2.5835,1775608532481983666
diasbp,no_sharing,122.2616,85.5587,83.1328,41.8782,0.0021,40.9701,1.6019,2.4259,1775608532537712924
diasbp,no_sharing,122.5,59.4282,57.2526,38.6307,0.0019,18.3902,1.3158,2.1756,1775608532775821374
diasbp,no_sharing,122.9965,66.4046,64.0025,40.3004,0.0018,23.4558,1.5576,2.4021,1775608533272576736
diasbp,no_sharing,123.5552,88.5832,86.0131,84.1957,0.0043,1.2792,1.6258,2.5702,1775608533831291563
diasbp,no_sharing,123.6019,99.7367,57.0469,56.0716,0.0023,0.6586,41.7416,42.6898,1775608533918165573
diasbp,no_sharing,123.656,91.3846,45.1703,44.2958,0.0021,0.6022,45.3284,46.2143,1775608533975786993
diasbp,no_sharing,124.2058,53.2546,50.9265,49.2537,0.0038,1.1473,1.442,2.3281,1775608534481729282
diasbp,no_sharing,124.2516,52.9873,44.7496,43.8606,0.0021,0.6068,7.3788,8.2377,1775608534533431845
diasbp,no_sharing,124.2823,64.4686,41.6283,40.7635,0.0022,0.6092,21.9934,22.8403,1775608534578732482
diasbp,no_sharing,124.3479,43.575,41.2905,40.4375,0.002,0.5994,1.4,2.2845,1775608534623772002
diasbp,no_sharing,124.6584,45.825,43.5042,42.6256,0.0022,0.6059,1.4801,2.3208,1775608534934365381
diasbp,no_sharing,124.7145,74.2903,72.0537,46.3429,0.0028,24.5935,1.3878,2.2366,1775608534990336845
diasbp,no_sharing,124.8598,64.5182,61.9303,60.6839,0.003,0.8801,1.6239,2.5879,1775608535135871471
diasbp,no_sharing,125.0056,86.2651,83.775,48.9351,0.0022,34.5621,1.5931,2.4901,1775608535281712338
diasbp,no_sharing,125.0084,175.5366,91.3781,44.2835,0.0021,46.8404,83.2872,84.1586,1775608535366141782
diasbp,no_sharing,125.1717,99.3025,86.0254,42.0012,0.0022,43.7617,11.9715,13.2771,1775608535458117869
diasbp,no_sharing,125.3517,104.7735,102.6215,41.5278,0.0021,60.8251,1.3556,2.152,1775608535627530661
diasbp,no_sharing,125.441,109.0682,92.8169,46.7107,0.0021,45.8413,15.2447,16.2512,1775608535730741142
diasbp,no_sharing,125.4877,119.0195,56.0231,45.0571,0.0072,5.3239,62.1552,62.9964,1775608535824368271
diasbp,no_sharing,125.5151,91.6338,56.0231,45.0571,0.0072,5.3239,34.7574,35.6107,1775608535824368271
diasbp,no_sharing,125.7727,57.1933,54.8026,44.4347,0.0023,10.1029,1.5965,2.3907,1775608536048808371
diasbp,no_sharing,126.0943,60.1788,58.0446,41.3345,0.0022,16.4122,1.3335,2.1341,1775608536370093884
diasbp,no_sharing,126.3389,54.1973,51.5846,49.821,0.0025,1.445,1.6544,2.6128,1775608536615026810
diasbp,no_sharing,126.3476,90.605,44.5954,43.7249,0.0021,0.6075,45.1069,46.0096,1775608536667216938
diasbp,no_sharing,126.9122,78.414,76.0103,74.0342,0.0038,1.4708,1.5223,2.4037,1775608537188218331
diasbp,no_sharing,127.1231,54.5766,52.2672,41.1997,0.002,10.7872,1.4648,2.3095,1775608537399062617
diasbp,no_sharing,127.2579,49.8693,47.3452,46.3961,0.0022,0.6594,1.6005,2.5241,1775608537534028444
diasbp,no_sharing,127.3851,60.1737,57.7023,49.3262,0.0023,8.1,1.5874,2.4715,1775608537661124794
diasbp,no_sharing,127.5747,52.0511,49.7507,45.3356,0.0023,4.1394,1.4641,2.3004,1775608537850694735
diasbp,no_sharing,127.7794,90.0459,87.7402,40.7581,0.0021,46.6968,1.4627,2.3058,1775608538055326680
diasbp,no_sharing,127.8287,95.6042,54.3102,37.2993,0.0017,16.8031,40.4544,41.294,1775608538143626905
diasbp,no_sharing,128.0692,49.1633,46.782,40.4395,0.002,6.0754,1.5094,2.3813,1775608538345239970
diasbp,no_sharing,128.1326,62.8347,60.5552,35.6471,0.0018,24.6842,1.4155,2.2795,1775608538408506609
diasbp,no_sharing,128.5544,54.9097,52.3735,50.5075,0.0025,1.5715,1.6887,2.5362,1775608538830523067
diasbp,no_sharing,128.6285,53.1604,50.8497,42.5194,0.0022,8.0563,1.4973,2.3108,1775608538904439791
diasbp,no_sharing,128.9141,44.3773,42.0937,41.1937,0.002,0.6169,1.4215,2.2836,1775608539190021067
diasbp,no_sharing,129.0044,86.5865,84.4257,41.0468,0.0022,43.1226,1.3919,2.1608,1775608539280288937
diasbp,no_sharing,129.4012,79.8826,77.4647,75.7359,0.0039,1.178,1.4608,2.4179,1775608539677152766
diasbp,no_sharing,129.5019,58.2635,55.9151,46.9346,0.0021,8.6921,1.5078,2.3484,1775608539777931997
diasbp,no_sharing,129.5256,95.0673,59.8674,44.8939,0.0021,14.7153,34.3857,35.1999,1775608539834491967
diasbp,no_sharing,129.6101,65.7954,54.7188,39.9705,0.002,14.4998,10.2887,11.0767,1775608539894906750
diasbp,no_sharing,129.7023,62.2799,60.1157,41.343,0.0023,18.4316,1.3745,2.1642,1775608539978128479
diasbp,no_sharing,129.7366,80.7674,52.1641,42.5659,0.0021,9.3339,27.7565,28.6032,1775608540038878936
diasbp,no_sharing,130.252,100.6231,97.899,80.9608,0.0037,16.4378,1.8954,2.7241,1775608540528358053
diasbp,no_sharing,130.2541,193.3298,94.0558,49.1536,0.002,44.6375,98.4194,99.274,1775608540626972772
diasbp,no_sharing,130.4124,105.7031,70.0778,39.7378,0.002,30.0988,34.7748,35.6253,1775608540721668433
diasbp,no_sharing,130.5155,62.1901,59.0415,37.0617,0.0019,21.7385,2.3429,3.1485,1775608540792308331
diasbp,no_sharing,130.6089,71.5346,69.4382,43.0437,0.002,26.1502,1.3013,2.0965,1775608540884660166
diasbp,no_sharing,130.7036,44.6177,42.2415,41.1885,0.0019,0.8004,1.3852,2.3762,1775608540979486386
diasbp,no_sharing,130.7463,44.1079,41.5304,40.6796,0.0021,0.5962,1.79,2.5775,1775608541022537016
diasbp,no_sharing,130.8496,43.905,41.5904,40.7417,0.0021,0.5937,1.4923,2.3146,1775608541125543213
diasbp,no_sharing,131.0556,54.9848,52.5445,47.7671,0.0022,4.4967,1.5719,2.4403,1775608541331608539
diasbp,no_sharing,131.2599,58.435,55.9179,49.0647,0.0022,6.5627,1.5674,2.5171,1775608541535913614
diasbp,no_sharing,131.461,47.132,44.7905,41.8273,0.002,2.1098,1.4293,2.3415,1775608541736935157
diasbp,no_sharing,131.7534,53.4945,50.9033,49.9585,0.0023,0.671,1.7648,2.5912,1775608542029607139
diasbp,no_sharing,131.7861,95.8173,74.3591,44.1018,0.0021,29.9571,20.6265,21.4582,1775608542081219206
diasbp,no_sharing,131.9025,42.9602,40.6657,39.805,0.0021,0.6084,1.1013,2.2945,1775608542178053731
diasbp,no_sharing,131.945,43.7069,41.3389,40.478,0.0021,0.6091,1.4989,2.368,1775608542220964320
diasbp,no_sharing,132.051,79.3068,77.1524,36.9379,0.0018,39.9925,1.3773,2.1544,1775608542326849076
diasbp,no_sharing,132.0745,120.6977,64.397,36.7968,0.0015,27.4032,55.5811,56.3007,1775608542404556910
diasbp,no_sharing,132.1569,190.6018,151.4445,38.7058,0.0017,56.2581,38.1021,39.1573,1775608542469483113
diasbp,no_sharing,132.1677,179.821,151.4445,38.7058,0.0017,56.2581,27.2989,28.3765,1775608542469483113
diasbp,no_sharing,132.2814,166.1537,99.5028,40.6776,0.0019,58.5718,65.8607,66.6509,1775608542621722812
diasbp,no_sharing,132.5318,66.0372,63.8635,43.696,0.002,19.9119,1.3466,2.1737,1775608542807611769
diasbp,no_sharing,132.5364,129.2596,67.131,43.7928,0.0019,11.5318,61.1138,62.1286,1775608542872031631
diasbp,no_sharing,132.5531,112.6871,67.131,43.7928,0.0019,11.5318,44.497,45.5562,1775608542872031631
diasbp,no_sharing,132.63,77.656,41.438,40.5845,0.0021,0.6038,35.3444,36.218,1775608542939855735
diasbp,no_sharing,133.0466,94.3456,92.0635,40.8354,0.002,50.9717,1.42,2.2821,1775608543322528560
diasbp,no_sharing,133.092,132.7703,83.1508,44.419,0.002,38.4762,48.7618,49.6195,1775608543415220208
diasbp,no_sharing,133.1751,133.4913,83.1886,56.2263,0.0029,26.5842,49.3612,50.3026,1775608543498926017
diasbp,no_sharing,133.4804,85.9749,83.6451,56.2357,0.0027,27.0394,1.4343,2.3298,1775608543756290294
diasbp,no_sharing,133.625,93.4694,91.208,56.3576,0.0028,34.4796,1.4193,2.2614,1775608543900869459
diasbp,no_sharing,133.798,103.4348,101.1142,67.331,0.0034,33.3407,1.4279,2.3206,1775608544073870240
diasbp,no_sharing,133.8487,101.1968,47.6879,46.7733,0.0023,0.6356,52.6187,53.5089,1775608544175751671
diasbp,no_sharing,134.0719,53.8952,51.4745,50.2461,0.0076,0.8015,1.4675,2.4207,1775608544347877929
diasbp,no_sharing,134.1044,66.6201,44.4325,42.9161,0.0023,1.2448,21.3313,22.1876,1775608544400261195
diasbp,no_sharing,134.2413,69.8178,67.2385,65.8479,0.0034,0.9911,1.6072,2.5793,1775608544517355700
diasbp,no_sharing,134.444,78.4059,75.9635,45.9956,0.0024,29.6788,1.569,2.4424,1775608544720068336
diasbp,no_sharing,134.4947,69.6864,41.4105,40.5425,0.0024,0.6023,27.3736,28.2759,1775608544796579232
diasbp,no_sharing,134.6587,51.3628,48.8608,47.9215,0.0025,0.6633,1.5712,2.5019,1775608544934731710
diasbp,no_sharing,135.0066,50.904,48.6217,41.1546,0.0022,7.2048,1.4629,2.2823,1775608545282563912
diasbp,no_sharing,135.9629,60.8807,58.2296,40.6391,0.0024,17.2874,1.7784,2.6511,1775608546239116244
diasbp,no_sharing,136.1858,75.2265,72.7095,44.0827,0.0022,28.3547,1.5583,2.517,1775608546461825230
diasbp,no_sharing,136.5536,88.3603,85.6904,83.8625,0.0042,1.2841,1.6582,2.6699,1775608546829769509
diasbp,no_sharing,136.9557,46.4165,44.0999,42.3561,0.0023,1.4456,1.5087,2.3166,1775608547231650480
diasbp,no_sharing,137.4462,69.8028,67.4481,40.7675,0.0022,26.3553,1.4546,2.3547,1775608547722175156
diasbp,no_sharing,137.4947,65.3508,43.4313,41.9279,0.0023,0.6129,21.1155,21.9195,1775608547790262099
diasbp,no_sharing,137.6102,53.3648,51.0673,43.1652,0.0022,7.6421,1.4458,2.2974,1775608547886158144
diasbp,no_sharing,137.8036,55.5701,52.9996,49.4375,0.0024,3.2476,1.6391,2.5705,1775608548079713450
diasbp,no_sharing,137.9229,78.7921,76.2139,44.8045,0.002,31.1547,1.5109,2.5782,1775608548198850404
diasbp,no_sharing,137.961,130.5268,89.4725,41.3472,0.0019,47.8689,40.1361,41.0543,1775608548275636751
diasbp,no_sharing,138.4061,60.6568,58.1963,57.0558,0.0029,0.7899,1.5149,2.4605,1775608548682081691
diasbp,no_sharing,138.4078,116.4348,56.8938,41.3555,0.0021,15.2825,58.6514,59.541,1775608548740954762
diasbp,no_sharing,139.0678,78.512,76.1096,74.4291,0.0037,1.1641,1.4668,2.4024,1775608549343772286
diasbp,no_sharing,139.1715,49.417,47.1784,42.3904,0.0021,4.5301,1.4093,2.2386,1775608549447419971
diasbp,no_sharing,139.8807,49.794,47.2612,44.4329,0.0021,2.5248,1.5874,2.5327,1775608550156738858
diasbp,no_sharing,139.9454,90.7598,88.3205,42.467,0.0022,45.5815,1.4834,2.4392,1775608550221342720
diasbp,no_sharing,140.2072,54.3716,51.5105,50.1046,0.0032,0.9958,1.581,2.8611,1775608550483307798
diasbp,no_sharing,140.2611,46.8652,44.2489,43.4455,0.0019,0.5769,1.7216,2.6163,1775608550537323802
diasbp,no_sharing,140.3725,63.339,61.2115,36.8441,0.0017,24.1564,1.3423,2.1274,1775608550648358274
diasbp,no_sharing,140.4681,35.3165,33.1833,32.5195,0.0016,0.4681,1.3158,2.1332,1775608550743872948
diasbp,no_sharing,140.5946,38.4743,36.2424,35.5261,0.0018,0.4988,1.3421,2.2319,1775608550870468509
diasbp,no_sharing,140.6033,66.546,36.1775,35.4554,0.0016,0.4858,29.5029,30.3684,1775608550907314465
diasbp,no_sharing,140.7575,57.1685,54.8602,45.8414,0.0023,8.7317,1.467,2.3083,1775608551033484750
diasbp,no_sharing,140.8379,81.8298,79.5346,38.7576,0.0019,40.5491,1.4732,2.2952,1775608551113876152
diasbp,no_sharing,140.8736,98.418,51.691,37.0676,0.0017,14.4164,45.8562,46.727,1775608551193951472
diasbp,no_sharing,140.953,82.4389,62.8542,32.7916,0.0018,29.8456,18.7154,19.5848,1775608551246201491
diasbp,no_sharing,141.0225,109.0977,95.6276,37.3703,0.0016,58.0547,12.6245,13.4702,1775608551309588561
diasbp,no_sharing,141.5575,48.6147,46.1659,45.2783,0.0023,0.6343,1.5771,2.4489,1775608551833550016
diasbp,no_sharing,141.7364,79.057,76.709,74.8217,0.004,1.3899,1.3506,2.3479,1775608552012251843
diasbp,no_sharing,141.9175,56.5341,53.995,46.5865,0.0025,7.1308,1.6234,2.5391,1775608552193559329
diasbp,no_sharing,142.2748,60.7717,58.1787,49.5383,0.0024,8.3378,1.667,2.593,1775608552550957562
diasbp,no_sharing,142.3368,62.6285,60.1718,42.913,0.0022,16.9778,1.5957,2.4567,1775608552612868738
diasbp,no_sharing,142.909,80.5359,78.228,75.6196,0.004,2.101,1.4918,2.3079,1775608553184977207
diasbp,no_sharing,143.076,48.9542,46.7455,39.9424,0.0022,6.5461,1.3728,2.2087,1775608553351853491
diasbp,no_sharing,143.1177,67.837,60.0604,39.8638,0.0019,19.9368,6.9683,7.7766,1775608553399112883
diasbp,no_sharing,143.1974,42.0806,39.9932,39.1471,0.0021,0.5904,1.2772,2.0874,1775608553473141655
diasbp,no_sharing,143.6944,54.7142,52.2271,50.5505,0.0038,1.1696,1.5297,2.4871,1775608553970403909
diasbp,no_sharing,143.7291,64.7111,44.2212,43.3372,0.0021,0.6291,19.7613,20.4899,1775608554023363727
diasbp,no_sharing,143.797,47.9362,45.6708,40.4357,0.002,4.9856,1.3762,2.2654,1775608554072890307
diasbp,no_sharing,143.9464,52.932,50.4488,49.4996,0.0024,0.6614,1.6072,2.4832,1775608554222506946
diasbp,no_sharing,144.0146,73.4549,70.5586,45.3058,0.0022,25.0003,2.0185,2.8963,1775608554291055590
diasbp,no_sharing,144.0146,126.7827,52.7815,43.1686,0.0018,9.3944,73.205,74.0012,1775608554362277079
diasbp,no_sharing,144.0872,123.7383,68.7724,36.6915,0.0016,15.9377,53.9877,54.9659,1775608554415638125
diasbp,no_sharing,144.106,104.9275,68.7724,36.6915,0.0016,15.9377,35.1541,36.1552,1775608554415638125
diasbp,no_sharing,144.3812,55.0592,52.7556,42.4952,0.0021,10.004,1.4029,2.3036,1775608554657122244
diasbp,no_sharing,144.4086,81.9824,53.6192,39.114,0.0015,7.1444,27.3516,28.3632,1775608554710466740
diasbp,no_sharing,144.4193,71.3024,53.6192,39.114,0.0015,7.1444,16.6485,17.6832,1775608554710466740
diasbp,no_sharing,144.7715,88.4426,85.7248,83.905,0.0044,1.2769,1.6339,2.7178,1775608555047594336
diasbp,no_sharing,145.2276,77.6699,74.9509,68.4604,0.0047,4.8052,1.4205,2.719,1775608555503490400
diasbp,no_sharing,145.7956,61.7435,59.3481,41.7518,0.0021,17.319,1.5359,2.3954,1775608556071663143
diasbp,no_sharing,145.9297,45.0237,42.6431,41.7739,0.0021,0.6127,1.5757,2.3806,1775608556205732458
diasbp,no_sharing,146.0965,65.9258,63.6675,40.8216,0.0023,22.5834,1.4009,2.2584,1775608556372361997
diasbp,no_sharing,146.6998,85.1493,82.6815,70.7517,0.0038,11.4211,1.5259,2.4678,1775608556975805255
diasbp,no_sharing,146.929,47.7707,45.5265,40.6589,0.0022,4.5859,1.4255,2.2442,1775608557204945578
diasbp,no_sharing,147.1236,57.7495,55.3717,46.3139,0.0022,8.7849,1.508,2.3778,1775608557399556051
diasbp,no_sharing,147.5016,85.7937,83.3363,79.5766,0.0044,3.2399,1.5788,2.4575,1775608557777619836
diasbp,no_sharing,147.537,131.0034,79.9506,52.4913,0.0022,27.1729,50.2207,51.0528,1775608557861730424
diasbp,no_sharing,148.178,44.5783,42.2332,41.3154,0.002,0.6268,1.528,2.3451,1775608558454048285
diasbp,no_sharing,148.3118,69.5043,67.1323,55.7318,0.0023,11.0785,1.5748,2.3719,1775608558587891387
diasbp,no_sharing,148.3155,161.2463,94.7357,45.2966,0.0021,49.1736,65.6531,66.5106,1775608558655682158
diasbp,no_sharing,148.5986,98.4528,96.2061,41.3563,0.002,54.5934,1.3912,2.2467,1775608558874472111
diasbp,no_sharing,148.7376,50.0245,47.8122,46.8005,0.0025,0.7167,1.4198,2.2123,1775608559013522920
diasbp,no_sharing,148.8389,54.6429,52.1637,51.1253,0.0026,0.7197,1.5278,2.4793,1775608559114872241
diasbp,no_sharing,149.053,53.6439,51.3824,41.0755,0.002,10.0331,1.4737,2.2615,1775608559328996229
diasbp,no_sharing,149.1269,56.6328,54.2377,41.1956,0.0022,12.7704,1.3826,2.395,1775608559402763309
diasbp,no_sharing,149.2743,61.5315,58.9184,57.4966,0.0071,0.9831,1.6961,2.6132,1775608559550477050
diasbp,no_sharing,149.3562,68.192,65.836,43.5843,0.0021,21.9788,1.5304,2.356,1775608559632233292
diasbp,no_sharing,149.7635,84.1935,81.7047,79.8967,0.0043,1.2747,1.5814,2.4887,1775608560039612582
diasbp,no_sharing,150.1058,56.5472,54.2063,42.6512,0.0021,11.2684,1.5466,2.3409,1775608560381811993
diasbp,no_sharing,150.2712,45.9518,43.5857,42.6963,0.0023,0.6026,1.5357,2.3662,1775608560547250449
diasbp,no_sharing,150.3865,84.2943,81.9132,42.6313,0.002,38.9948,1.5259,2.3811,1775608560662500651
diasbp,no_sharing,150.594,56.2618,54.0292,40.6269,0.002,13.152,1.3394,2.2325,1775608560869842248
diasbp,no_sharing,150.6103,98.5646,58.0883,39.2158,0.0019,18.6266,39.6833,40.4764,1775608560924465877
diasbp,no_sharing,150.8521,56.1111,53.8949,44.9925,0.0112,8.5967,1.3382,2.2162,1775608561127908387
diasbp,no_sharing,150.9576,42.1374,39.939,39.0779,0.0021,0.6018,1.3993,2.1983,1775608561233442041
diasbp,no_sharing,151.2177,76.4956,73.8694,72.0702,0.0045,1.2577,1.6041,2.6262,1775608561493815003
diasbp,no_sharing,151.2631,85.4473,53.5769,52.6227,0.0022,0.6717,30.9718,31.8705,1775608561568542210
diasbp,no_sharing,151.3658,47.657,45.2394,44.344,0.0022,0.618,1.5144,2.4176,1775608561641761952
diasbp,no_sharing,151.6486,57.097,54.5872,48.7821,0.0022,5.5238,1.5874,2.5098,1775608561924630147
diasbp,no_sharing,151.6683,84.1973,46.1427,44.6819,0.0021,0.6042,37.0712,38.0546,1775608561979879235
diasbp,no_sharing,151.8311,50.0901,47.6397,46.707,0.002,0.663,1.5616,2.4503,1775608562107126370
diasbp,no_sharing,151.9984,48.8086,46.3657,45.4626,0.0021,0.6392,1.5175,2.4429,1775608562274354175
diasbp,no_sharing,152.5544,73.7193,71.2846,47.0739,0.002,23.9297,1.5554,2.4346,1775608562830392966
diasbp,no_sharing,152.8949,86.6148,83.7026,81.9061,0.0045,1.2559,1.8804,2.9122,1775608563171254854
diasbp,no_sharing,153.2414,59.736,57.29,45.6407,0.002,11.3519,1.6057,2.4461,1775608563517515326
diasbp,no_sharing,153.545,79.7768,77.4057,42.3523,0.002,34.7971,1.487,2.3711,1775608563820937382
diasbp,no_sharing,154.1823,59.7556,57.1846,48.3928,0.0024,8.5186,1.651,2.5709,1775608564458425102
diasbp,no_sharing,154.1841,100.2803,41.1076,40.3068,0.0019,0.5544,57.8768,59.1727,1775608564516418697
diasbp,no_sharing,154.7033,62.6616,60.0408,56.5546,0.0041,2.9209,1.6518,2.6209,1775608564979421170
diasbp,no_sharing,154.7438,103.2867,80.4381,45.548,0.0019,34.0196,21.9488,22.8486,1775608565040237444
diasbp,no_sharing,154.7882,136.7786,77.3701,38.8356,0.0017,38.3029,58.5866,59.4084,1775608565121219555
diasbp,no_sharing,155.3879,76.5915,74.0332,39.647,0.0021,34.1394,1.7586,2.5583,1775608565664109684
diasbp,no_sharing,155.6563,40.6876,38.3659,37.591,0.0018,0.5305,1.4896,2.3217,1775608565932299089
diasbp,no_sharing,155.682,53.1967,37.6187,36.8522,0.0016,0.5448,14.7159,15.578,1775608565971238070
diasbp,no_sharing,155.9603,45.4493,43.101,42.2419,0.0019,0.6025,1.5244,2.3482,1775608566236300804
diasbp,no_sharing,155.9763,106.9036,76.6862,38.2511,0.0016,19.1109,29.2389,30.2174,1775608566279979106
diasbp,no_sharing,155.9984,84.7921,76.6862,38.2511,0.0016,19.1109,7.1056,8.106,1775608566279979106
diasbp,no_sharing,156.3165,44.7309,42.2971,37.5766,0.0019,4.4625,1.5566,2.4338,1775608566592536270
diasbp,no_sharing,156.3634,37.518,35.2711,34.5597,0.0016,0.5017,1.3671,2.2469,1775608566639282921
diasbp,no_sharing,156.5263,65.6698,63.3624,33.8058,0.0019,29.3088,1.507,2.3073,1775608566802266065
diasbp,no_sharing,156.648,38.2092,36.1192,33.804,0.0017,2.1005,1.2872,2.09,1775608566923783840
diasbp,no_sharing,156.8052,42.681,40.3956,36.0555,0.0018,4.1251,1.3912,2.2853,1775608567081115411
diasbp,no_sharing,157.2686,44.2593,41.7661,40.9069,0.002,0.5905,1.5893,2.4932,1775608567544660378
diasbp,no_sharing,157.3331,49.691,47.4021,39.75,0.002,7.4146,1.4675,2.2889,1775608567609005643
diasbp,no_sharing,157.4394,38.712,36.4792,35.7461,0.0018,0.5036,1.4098,2.2328,1775608567715291754
diasbp,no_sharing,157.4803,40.0434,37.4482,36.7257,0.0016,0.4991,1.3657,2.5951,1775608567756162630
diasbp,no_sharing,157.491,68.9077,39.5078,33.2075,0.0016,6.0981,28.7223,29.3999,1775608567794208266
diasbp,no_sharing,157.5197,89.2742,48.4711,33.7096,0.0015,14.5643,40.1099,40.803,1775608567834258059
diasbp,no_sharing,157.7151,56.4084,54.1302,40.1978,0.0021,13.6512,1.431,2.2782,1775608567991029956
diasbp,no_sharing,157.7315,183.8341,143.1915,43.4779,0.0019,49.7316,39.7406,40.6426,1775608568045710361
diasbp,no_sharing,157.7462,169.2498,143.1915,43.4779,0.0019,49.7316,25.0099,26.0583,1775608568045710361
diasbp,no_sharing,157.7857,184.9554,54.6371,41.9108,0.0019,12.4673,129.4436,130.3183,1775608568189659713
diasbp,no_sharing,158.0147,56.6797,54.2554,41.1047,0.0021,12.8982,1.3826,2.4243,1775608568290541318
diasbp,no_sharing,158.0832,89.0937,86.9305,44.8086,0.0022,41.8693,1.3325,2.1632,1775608568359063317
diasbp,no_sharing,158.105,203.3503,135.4219,45.4817,0.002,44.8364,67.0896,67.9284,1775608568446527629
diasbp,no_sharing,158.1596,148.67,135.4219,45.4817,0.002,44.8364,12.3973,13.2481,1775608568446527629
diasbp,no_sharing,158.2298,241.2193,162.0013,45.2676,0.0019,38.8236,78.4197,79.218,1775608568582661225
diasbp,no_sharing,158.2371,233.8598,162.0013,45.2676,0.0019,38.8236,71.048,71.8585,1775608568582661225
diasbp,no_sharing,158.3062,164.8884,162.0013,45.2676,0.0019,38.8236,1.976,2.8871,1775608568582661225
diasbp,no_sharing,158.3205,307.0078,155.4259,42.3308,0.0018,37.6147,150.6703,151.5819,1775608568745605773
diasbp,no_sharing,158.3409,286.5951,155.4259,42.3308,0.0018,37.6147,130.2457,131.1692,1775608568745605773
diasbp,no_sharing,158.3763,251.1764,155.4259,42.3308,0.0018,37.6147,94.8045,95.7505,1775608568745605773
diasbp,no_sharing,158.6762,41.9478,39.8366,38.9724,0.0019,0.6119,1.3142,2.1113,1775608568951964656
diasbp,no_sharing,158.9357,72.7391,70.3882,46.8665,0.0023,23.2233,1.5256,2.3509,1775608569211677697
diasbp,no_sharing,159.3287,80.4279,78.0227,75.5301,0.0039,1.9785,1.4701,2.4052,1775608569604641872
diasbp,no_sharing,159.9717,95.3219,93.0308,42.4885,0.0022,50.2737,1.4505,2.2911,1775608570247597834
diasbp,no_sharing,160.441,88.6195,85.9162,84.0849,0.0044,1.2744,1.6496,2.7033,1775608570717087905
diasbp,no_sharing,160.4517,138.1128,59.4481,53.5921,0.0023,4.8042,77.7395,78.6647,1775608570803883311
diasbp,no_sharing,160.6572,89.8159,87.3459,44.5339,0.0021,42.5525,1.363,2.47,1775608570933027853
diasbp,no_sharing,160.7398,76.1242,68.4581,63.465,0.0035,4.5761,6.7506,7.6661,1775608571021067405
diasbp,no_sharing,160.8148,76.4768,74.0858,70.7867,0.0032,2.8616,1.4529,2.391,1775608571090769221
diasbp,no_sharing,160.8192,152.7579,79.7094,48.9226,0.0022,30.4886,71.9616,73.0485,1775608571165604086
diasbp,no_sharing,160.9714,45.8755,43.4648,42.5984,0.0021,0.5982,1.5543,2.4107,1775608571247482475
diasbp,no_sharing,161.1176,52.5758,50.1343,49.1811,0.0023,0.6745,1.5738,2.4416,1775608571393645996
diasbp,no_sharing,161.2856,78.8963,76.6316,45.827,0.0022,30.5142,1.4522,2.2647,1775608571561492120
diasbp,no_sharing,161.5,58.1484,55.6383,49.4022,0.0023,5.9581,1.5843,2.5101,1775608571776056853
diasbp,no_sharing,161.6437,64.0113,61.4588,43.0528,0.0021,18.1312,1.5397,2.5526,1775608571919758893
diasbp,no_sharing,161.9375,82.4008,80.2006,39.9805,0.0022,39.9412,1.4057,2.2002,1775608572213389042
diasbp,no_sharing,162.0361,41.9199,39.814,38.9856,0.002,0.5855,1.3011,2.1059,1775608572311878644
diasbp,no_sharing,162.5468,41.3325,39.1487,38.3044,0.0021,0.5657,1.3583,2.1838,1775608572822634367
diasbp,no_sharing,162.5847,45.1553,40.9857,40.1346,0.002,0.5972,3.283,4.1695,1775608572862423304
diasbp,no_sharing,162.649,57.2157,54.9517,40.0282,0.002,14.6718,1.353,2.264,1775608572924853412
diasbp,no_sharing,162.7316,70.8375,68.5638,65.9486,0.0038,2.1576,1.3578,2.2737,1775608573007480183
diasbp,no_sharing,162.8448,74.9428,72.7511,37.7079,0.0019,34.7986,1.3573,2.1917,1775608573120670610
diasbp,no_sharing,162.8605,98.0811,38.3337,37.5098,0.0019,0.5756,58.9843,59.7475,1775608573193970662
diasbp,no_sharing,163.1039,54.0857,51.5918,47.9736,0.0023,3.3316,1.5891,2.4939,1775608573379964576
diasbp,no_sharing,163.1692,51.1978,49.0112,41.4299,0.002,7.3248,1.3692,2.1866,1775608573445029783
diasbp,no_sharing,163.3112,44.7972,42.5516,39.8916,0.002,2.399,1.3387,2.2456,1775608573587022180
diasbp,no_sharing,163.6178,49.0134,46.7555,41.7475,0.0021,4.7732,1.3998,2.2579,1775608573893646222
diasbp,no_sharing,163.7255,63.5595,61.2729,59.6677,0.0037,1.1314,1.3695,2.2866,1775608574001338670
diasbp,no_sharing,164.1248,45.2428,42.9399,42.1007,0.002,0.5931,1.4861,2.3029,1775608574400777194
diasbp,no_sharing,164.2147,57.3633,55.1042,52.0614,0.0035,2.5748,1.3711,2.2591,1775608574490522900
diasbp,no_sharing,164.4206,85.9172,83.4824,76.9324,0.0036,6.0352,1.5912,2.4349,1775608574696693691
diasbp,no_sharing,164.4848,99.1571,76.9011,52.3566,0.0018,24.2744,21.4949,22.256,1775608574780825953
diasbp,no_sharing,164.5687,97.5506,81.5961,39.3445,0.002,42.0075,15.1272,15.9545,1775608574858329270
diasbp,no_sharing,164.6937,60.4696,58.0436,37.3878,0.0019,20.4086,1.5786,2.426,1775608574969796855
diasbp,no_sharing,164.7367,64.1582,46.0888,45.0889,0.0022,0.6999,17.1938,18.0694,1775608575028402997
diasbp,no_sharing,165.3667,47.863,45.3967,44.474,0.0022,0.6287,1.6022,2.4663,1775608575642819239
diasbp,no_sharing,165.4218,49.9306,47.6332,41.084,0.0021,5.6714,1.4305,2.2974,1775608575697718926
diasbp,no_sharing,165.7363,79.4983,77.1494,75.4115,0.004,1.2364,1.3721,2.3488,1775608576012183529
diasbp,no_sharing,166.212,58.5804,56.524,54.2301,0.0037,1.7695,1.2331,2.0564,1775608576487740948
diasbp,no_sharing,166.2347,87.971,51.4688,47.2576,0.002,3.9169,35.6483,36.5021,1775608576544811193
diasbp,no_sharing,166.2928,140.9941,110.5186,43.9423,0.002,33.1632,29.561,30.4755,1775608576596844275
diasbp,no_sharing,166.3099,124.0673,110.5186,43.9423,0.002,33.1632,12.4261,13.5487,1775608576596844275
diasbp,no_sharing,166.3598,134.0435,59.4026,42.9344,0.0021,8.0973,73.734,74.6408,1775608576708062850
diasbp,no_sharing,166.3972,96.8223,59.4026,42.9344,0.0021,8.0973,36.365,37.4196,1775608576708062850
diasbp,no_sharing,166.6577,47.3239,45.1255,40.5622,0.002,4.292,1.3685,2.1984,1775608576933551476
diasbp,no_sharing,166.7395,50.4391,47.2783,44.4428,0.0022,2.5589,2.2285,3.1608,1775608577016236492
diasbp,no_sharing,167.1279,50.4801,48.0368,47.0701,0.0024,0.6645,1.5771,2.4433,1775608577403983239
diasbp,no_sharing,167.355,46.0112,43.5919,42.6788,0.0021,0.6261,1.5101,2.4193,1775608577630961656
diasbp,no_sharing,167.4692,51.6093,49.1747,45.1087,0.0022,3.7666,1.4799,2.4346,1775608577745174311
diasbp,no_sharing,167.6535,66.3993,64.0889,42.3062,0.0023,21.5221,1.4074,2.3104,1775608577929356980
diasbp,no_sharing,167.9438,70.5841,68.0198,66.5702,0.0034,1.013,1.6174,2.5642,1775608578219923108
diasbp,no_sharing,168.0066,63.987,55.5911,51.7405,0.0021,3.5871,7.5841,8.3959,1775608578288689276
diasbp,no_sharing,168.0748,46.2852,44.0319,43.1584,0.002,0.6169,1.395,2.2533,1775608578350685702
diasbp,no_sharing,168.1021,61.4183,41.8295,40.979,0.0021,0.5964,18.6851,19.5888,1775608578395288361
diasbp,no_sharing,168.1233,82.1218,41.4288,40.5765,0.0022,0.5964,39.9156,40.693,1775608578437687579
diasbp,no_sharing,168.4757,43.6165,41.3133,40.4385,0.002,0.5999,1.4317,2.3032,1775608578751581839
diasbp,no_sharing,168.7156,74.2683,71.6921,69.9055,0.0041,1.2721,1.5869,2.5762,1775608578991713048
diasbp,no_sharing,168.9558,51.4686,48.9888,48.0423,0.0024,0.6563,1.6506,2.4798,1775608579231949172
diasbp,no_sharing,169.0505,59.0858,56.5596,47.7968,0.0022,8.4847,1.6255,2.5262,1775608579326626257
diasbp,no_sharing,169.2761,89.1769,86.5111,84.7226,0.0042,1.2419,1.6615,2.6658,1775608579552289479
diasbp,no_sharing,169.2968,160.4135,91.0208,84.7923,0.0036,2.8585,68.2886,69.3927,1775608579639619919
diasbp,no_sharing,169.3386,118.7274,91.0208,84.7923,0.0036,2.8585,26.5794,27.7067,1775608579639619919
diasbp,no_sharing,169.6552,52.3403,50.2564,39.3947,0.002,10.5885,1.3154,2.0839,1775608579930985166
diasbp,no_sharing,169.6848,93.0459,69.5579,42.8088,0.0019,26.5081,22.6038,23.488,1775608579981918303
diasbp,no_sharing,169.7066,127.2252,55.4813,40.1918,0.0018,15.0429,70.9379,71.7439,1775608580052059037
diasbp,no_sharing,169.8077,69.9425,43.219,42.3583,0.0021,0.6074,25.9178,26.7235,1775608580108077545
diasbp,no_sharing,169.8731,46.6025,41.467,40.6082,0.0021,0.6057,4.2961,5.1355,1775608580151839194
diasbp,no_sharing,170.0189,59.6399,57.4359,37.4442,0.002,19.7438,1.3447,2.204,1775608580294724294
diasbp,no_sharing,170.1595,50.7829,48.6021,39.393,0.002,8.9549,1.3885,2.1808,1775608580435327046
diasbp,no_sharing,170.4012,80.8334,78.6365,37.8573,0.0019,40.5322,1.3685,2.1969,1775608580677009428
diasbp,no_sharing,170.4422,170.6896,130.1569,40.4904,0.0016,44.7271,39.5699,40.5327,1775608580756262044
diasbp,no_sharing,170.4479,165.0741,130.1569,40.4904,0.0016,44.7271,33.915,34.9172,1775608580756262044
diasbp,no_sharing,170.7007,37.2655,34.9344,34.2163,0.0017,0.5073,1.4491,2.3311,1775608580976611175
diasbp,no_sharing,170.9486,66.5367,64.4358,37.5921,0.0019,26.5933,1.3421,2.1008,1775608581224407674
diasbp,no_sharing,170.9643,111.0816,59.6542,36.5121,0.0019,22.9277,50.6291,51.4274,1775608581289399045
diasbp,no_sharing,171.51,78.9714,76.7573,37.8128,0.0016,38.7035,1.4191,2.2141,1775608581785928489
diasbp,no_sharing,171.6906,38.1224,35.8471,35.0948,0.0017,0.5128,1.4615,2.2753,1775608581966494146
diasbp,no_sharing,171.901,51.7423,49.2031,45.6243,0.0019,3.3411,1.6026,2.5392,1775608582177130738
diasbp,no_sharing,171.9757,93.8578,91.5866,38.2155,0.0018,53.1095,1.5018,2.2711,1775608582251676938
diasbp,no_sharing,172.1306,54.4391,52.3542,36.7983,0.0016,15.3455,1.302,2.0849,1775608582406413827
diasbp,no_sharing,172.4519,81.7089,79.2029,54.4815,0.0026,24.3798,1.6434,2.5061,1775608582727976418
diasbp,no_sharing,172.577,55.9964,53.6951,35.2693,0.0017,17.6734,1.4079,2.3013,1775608582852864065
diasbp,no_sharing,172.8385,83.683,81.2605,79.4689,0.0042,1.245,1.4644,2.4225,1775608583114451024
diasbp,no_sharing,172.9492,62.5472,60.0352,46.2446,0.0021,13.4975,1.6255,2.512,1775608583225284231
diasbp,no_sharing,173.0259,64.4383,62.1502,42.8636,0.0021,19.0364,1.4229,2.2882,1775608583301829573
diasbp,no_sharing,173.1482,54.4739,52.3104,42.6542,0.0022,9.3993,1.333,2.1635,1775608583423998737
diasbp,no_sharing,173.1971,49.0205,42.9023,41.9214,0.0023,0.6937,5.2538,6.1183,1775608583476884452
diasbp,no_sharing,173.8354,58.2206,55.6224,49.7119,0.0028,5.5969,1.714,2.5982,1775608584111643948
diasbp,no_sharing,173.9386,77.4906,75.188,41.2186,0.0018,33.7301,1.364,2.3026,1775608584214475419
diasbp,no_sharing,174.0898,38.4202,35.722,34.9257,0.0048,0.5423,1.518,2.6982,1775608584365848957
diasbp,no_sharing,174.4295,35.2874,33.0015,32.2488,0.0018,0.5118,1.4858,2.2859,1775608584705429634
diasbp,no_sharing,175.1516,65.922,63.6666,37.4515,0.002,25.9157,1.4226,2.2554,1775608585427512036
diasbp,no_sharing,175.4062,88.0499,85.2659,79.8114,0.0041,4.9427,1.8604,2.784,1775608585682565540
diasbp,no_sharing,175.7877,62.1159,59.7338,56.1304,0.0025,3.2998,1.5507,2.3821,1775608586063759003
diasbp,no_sharing,175.7914,115.5303,56.5295,46.8379,0.0022,9.4183,58.1753,59.0008,1775608586124063498
diasbp,no_sharing,176.1446,106.1451,103.8472,42.2403,0.002,61.3196,1.4608,2.2979,1775608586420522165
diasbp,no_sharing,176.4218,79.885,77.1567,59.5539,0.0032,17.1978,1.4932,2.7283,1775608586697772853
diasbp,no_sharing,176.5012,69.6223,67.0144,46.7628,0.0025,19.972,1.7612,2.6078,1775608586777451557
diasbp,no_sharing,177.3312,88.1798,85.5225,83.6805,0.0045,1.2731,1.6603,2.6573,1775608587607297786
diasbp,no_sharing,177.5199,45.3694,43.0806,42.1762,0.0022,0.6076,1.4925,2.2888,1775608587795896980
diasbp,no_sharing,177.75,62.7725,60.3052,59.2119,0.0026,0.757,1.579,2.4673,1775608588026041031
diasbp,no_sharing,177.7617,109.4625,57.7037,47.7665,0.0021,9.6603,50.8659,51.7588,1775608588087025408
diasbp,no_sharing,178.2904,59.4077,57.0769,41.4217,0.0021,15.4024,1.509,2.3308,1775608588566399849
diasbp,no_sharing,178.306,105.1114,60.7081,41.8172,0.0021,18.64,43.5672,44.4032,1775608588624091456
diasbp,no_sharing,178.5442,49.9902,47.6875,46.7822,0.0024,0.6287,1.5125,2.3027,1775608588820242223
diasbp,no_sharing,178.7577,95.1662,92.6733,61.154,0.003,31.0946,1.6675,2.4929,1775608589033898685
diasbp,no_sharing,178.787,151.0227,84.4976,43.6446,0.0018,40.6075,65.733,66.5251,1775608589127243477
diasbp,no_sharing,178.8551,229.8508,146.3253,41.035,0.0019,35.0121,82.7205,83.5254,1775608589212310280
diasbp,no_sharing,178.8963,189.0507,146.3253,41.035,0.0019,35.0121,41.4779,42.7253,1775608589212310280
diasbp,no_sharing,178.901,184.4411,146.3253,41.035,0.0019,35.0121,36.8478,38.1157,1775608589212310280
diasbp,no_sharing,178.9442,292.3088,150.4345,42.1861,0.002,35.9956,140.8296,141.8744,1775608589359555521
diasbp,no_sharing,178.9509,285.697,150.4345,42.1861,0.002,35.9956,134.1951,135.2625,1775608589359555521
diasbp,no_sharing,179.007,229.5854,150.4345,42.1861,0.002,35.9956,78.0694,79.151,1775608589359555521
diasbp,no_sharing,179.1557,121.3775,40.1355,39.2778,0.0025,0.6046,80.4892,81.2419,1775608589510635183
diasbp,no_sharing,179.3999,93.188,91.3683,40.8707,0.0019,50.2336,1.0965,1.8198,1775608589675450086
diasbp,no_sharing,179.5938,56.3667,54.3528,39.9255,0.0021,14.1686,1.2653,2.0139,1775608589869576848
diasbp,no_sharing,179.6093,82.3328,41.0757,39.6586,0.0019,0.5822,40.5309,41.2571,1775608589924355013
diasbp,no_sharing,180.0048,59.2308,57.1007,52.7794,0.0026,3.992,1.2636,2.1301,1775608590280543730
diasbp,no_sharing,180.2039,53.7386,51.3404,49.6877,0.0039,1.1655,1.5602,2.3982,1775608590479910801
diasbp,no_sharing,180.2039,101.3384,47.1627,46.2787,0.0021,0.612,53.4303,54.1757,1775608590531814447
diasbp,no_sharing,180.2658,81.6963,41.8237,40.9657,0.0021,0.6055,39.1562,39.8726,1775608590579443099
diasbp,no_sharing,180.5402,43.5317,41.6585,40.7846,0.0021,0.6149,1.1539,1.8732,1775608590815883009
diasbp,no_sharing,180.6382,44.3664,42.462,40.4226,0.0022,1.7911,1.1795,1.9044,1775608590913896711
diasbp,no_sharing,180.7338,61.815,59.5531,56.7693,0.0031,2.4089,1.3595,2.262,1775608591009633265
diasbp,no_sharing,180.7676,83.7061,54.9766,44.7417,0.0021,9.979,27.8528,28.7296,1775608591069934955
diasbp,no_sharing,181.0345,49.6249,47.2605,43.018,0.0022,3.9776,1.4396,2.3644,1775608591310407832
diasbp,no_sharing,181.455,80.2038,77.7271,44.7799,0.002,32.6574,1.5712,2.4767,1775608591731083838
diasbp,no_sharing,181.6004,44.3342,42.0927,41.2287,0.0022,0.6205,1.3816,2.2414,1775608591876297313
diasbp,no_sharing,181.7912,67.8041,65.5186,41.2526,0.0019,23.9871,1.462,2.2855,1775608592067101721
diasbp,no_sharing,181.8601,60.5485,58.4827,37.3567,0.002,20.881,1.2534,2.0658,1775608592135856954
diasbp,no_sharing,182.0559,56.2484,54.0793,37.4694,0.0019,16.3657,1.3766,2.1691,1775608592331714719
diasbp,no_sharing,182.0822,71.2411,40.7466,38.8174,0.0019,1.6775,29.6757,30.4946,1775608592386334178
diasbp,no_sharing,182.7505,45.419,43.0005,42.0894,0.0021,0.6188,1.5402,2.4185,1775608593026535770
diasbp,no_sharing,183.0297,72.4449,70.2073,39.4792,0.0017,30.4794,1.4129,2.2376,1775608593305561686
diasbp,no_sharing,183.0388,99.8948,36.0811,33.5546,0.0017,2.3192,62.999,63.8137,1775608593376318448
diasbp,no_sharing,183.3911,68.1581,65.9347,37.4369,0.0019,28.2282,1.4091,2.2234,1775608593667004302
diasbp,no_sharing,183.3968,97.1241,34.0668,32.8711,0.0016,0.9887,62.2201,63.0573,1775608593733482635
diasbp,no_sharing,183.4755,51.2991,32.2722,31.6141,0.0016,0.4667,18.1992,19.0269,1775608593768146897
diasbp,no_sharing,183.573,36.2439,34.0087,33.2759,0.0017,0.4926,1.3995,2.2352,1775608593848848554
diasbp,no_sharing,184.3525,77.6007,75.074,46.4471,0.0022,28.3242,1.6537,2.5267,1775608594628658087
diasbp,no_sharing,184.4735,44.0814,41.7987,35.3632,0.0018,6.2208,1.4422,2.2828,1775608594749415846
diasbp,no_sharing,184.6664,39.2444,36.9522,36.1933,0.0017,0.5149,1.4236,2.2922,1775608594942306736
diasbp,no_sharing,184.6966,48.2035,38.6318,37.6157,0.0023,0.7152,8.7187,9.5717,1775608594979814047
diasbp,no_sharing,184.7388,39.6187,33.0194,32.3335,0.0017,0.4754,5.7211,6.5993,1775608595019044264
diasbp,no_sharing,184.7817,34.4789,32.3426,31.6552,0.0017,0.4735,1.3061,2.1363,1775608595057440960
diasbp,no_sharing,184.8263,34.6386,32.4558,31.7611,0.0017,0.4898,1.2987,2.1828,1775608595102126645
diasbp,no_sharing,185.0013,57.0986,54.7725,38.9311,0.0018,15.6055,1.4358,2.3261,1775608595277205512
diasbp,no_sharing,185.1354,39.2706,37.0,35.7526,0.0018,0.5277,1.4343,2.2706,1775608595411337310
diasbp,no_sharing,185.5645,63.019,60.4948,41.1215,0.002,19.1204,1.6077,2.5243,1775608595840600445
diasbp,no_sharing,185.6003,73.0381,45.2487,36.8413,0.0017,8.1978,26.9301,27.7894,1775608595901664528
diasbp,no_sharing,185.7715,86.7569,84.226,82.4176,0.0046,1.2578,1.523,2.531,1775608596047465765
diasbp,no_sharing,185.8023,117.6233,61.022,53.2301,0.0024,7.5001,55.6748,56.6013,1775608596132432545
diasbp,no_sharing,186.028,47.0355,44.7188,42.5965,0.0022,1.8734,1.4012,2.3167,1775608596303882785
diasbp,no_sharing,186.3897,76.6008,74.2241,44.3927,0.0022,29.5502,1.4687,2.3767,1775608596665614136
diasbp,no_sharing,186.475,45.6374,43.3704,41.0276,0.0021,2.0849,1.4033,2.267,1775608596750875907
diasbp,no_sharing,186.4996,75.2678,53.5476,40.5937,0.002,12.6818,20.8368,21.7202,1775608596794966092
diasbp,no_sharing,186.711,50.307,47.9752,46.7231,0.0028,0.8816,1.4427,2.3319,1775608596986890213
diasbp,no_sharing,186.7216,84.6305,44.4457,42.853,0.002,1.3013,39.4113,40.1848,1775608597035533242
diasbp,no_sharing,186.8732,49.4905,47.1429,46.228,0.0023,0.6543,1.476,2.3475,1775608597149113947
diasbp,no_sharing,186.8878,112.0589,76.6687,43.3703,0.0022,16.5186,34.5733,35.3902,1775608597196869416
diasbp,no_sharing,186.8883,111.5465,76.6687,43.3703,0.0022,16.5186,34.0469,34.8779,1775608597196869416
diasbp,no_sharing,187.2613,85.1965,82.8526,63.0671,0.0031,19.3741,1.4765,2.3439,1775608597537233795
diasbp,no_sharing,187.284,111.8619,48.7724,40.9008,0.0019,7.6174,62.2559,63.0895,1775608597620691720
diasbp,no_sharing,187.4841,41.7435,39.6804,38.8295,0.002,0.6009,1.332,2.0631,1775608597759883055
diasbp,no_sharing,187.6264,41.5657,39.506,38.6661,0.0021,0.5881,1.3435,2.0596,1775608597902242985
diasbp,no_sharing,187.661,56.5586,48.9163,41.2661,0.002,7.3855,6.8965,7.6423,1775608597942418535
diasbp,no_sharing,187.8705,63.2715,60.4069,58.8447,0.0105,1.0047,1.5731,2.8646,1775608598146511487
diasbp,no_sharing,187.997,54.045,51.0365,50.0486,0.0023,0.6921,2.1622,3.0084,1775608598273608075
diasbp,no_sharing,188.1785,98.8667,97.0163,42.4604,0.0019,54.3213,1.2004,1.8504,1775608598454133707
diasbp,no_sharing,188.7233,66.8695,64.8376,63.1815,0.0039,1.1703,1.2064,2.0319,1775608598999036115
diasbp,no_sharing,188.9372,53.1495,50.6931,49.7206,0.0024,0.6611,1.6217,2.4564,1775608599213288280
diasbp,no_sharing,189.0793,50.6759,48.4792,47.5582,0.0022,0.6543,1.4172,2.1967,1775608599355202232
diasbp,no_sharing,189.1225,55.0313,46.8323,43.7745,0.0021,1.3932,7.34,8.199,1775608599404296457
diasbp,no_sharing,189.127,50.4885,46.8323,43.7745,0.0021,1.3932,2.7809,3.6562,1775608599404296457
diasbp,no_sharing,189.2864,76.0989,73.8877,64.5811,0.0033,8.846,1.4417,2.2112,1775608599562276152
diasbp,no_sharing,189.288,157.3336,82.2872,44.6023,0.0019,37.4304,74.3589,75.0464,1775608599636830839
diasbp,no_sharing,189.3692,125.7944,48.7562,41.3083,0.002,3.5921,76.0267,77.0382,1775608599719662976
diasbp,no_sharing,189.427,68.0006,48.7562,41.3083,0.002,3.5921,18.2099,19.2443,1775608599719662976
diasbp,no_sharing,189.8443,65.2092,63.1294,61.7311,0.0031,0.9599,1.334,2.0798,1775608600120111493
diasbp,no_sharing,189.9191,54.2417,52.3192,39.575,0.002,12.476,1.1928,1.9225,1775608600194737398
diasbp,no_sharing,190.3019,89.7031,87.6409,72.9938,0.0038,14.117,1.334,2.0621,1775608600577751939
diasbp,no_sharing,190.3199,212.7748,140.2261,75.8617,0.0035,31.9104,71.7654,72.5486,1775608600666154119
diasbp,no_sharing,190.3244,208.2884,140.2261,75.8617,0.0035,31.9104,67.2691,68.0623,1775608600666154119
diasbp,no_sharing,190.4188,198.6566,84.0041,75.1508,0.0036,8.3593,113.9832,114.6524,1775608600807224177
diasbp,no_sharing,190.5986,93.8435,74.3267,72.7198,0.0037,1.1153,18.8482,19.5167,1775608600891894141
diasbp,no_sharing,190.7095,61.5411,59.7725,41.7835,0.0026,17.6114,1.1549,1.7686,1775608600985169881
diasbp,no_sharing,190.8542,67.8456,65.7047,41.3625,0.002,24.0804,1.3471,2.1409,1775608601130049608
diasbp,no_sharing,192.4379,56.6883,54.2563,42.9643,0.0022,11.0016,1.6503,2.432,1775608602714080446
diasbp,no_sharing,192.4958,41.4393,39.1485,38.4121,0.0019,0.5062,1.4541,2.2908,1775608602771774224
diasbp,no_sharing,192.5484,51.6026,49.6594,34.7985,0.0018,14.6496,1.2436,1.9432,1775608602824142928
diasbp,no_sharing,192.6336,55.5253,53.7214,34.1719,0.0017,19.3211,1.1418,1.8039,1775608602909186177
diasbp,no_sharing,192.6963,35.1357,33.2037,32.4809,0.0016,0.5216,1.2352,1.9321,1775608602972006169
diasbp,no_sharing,192.7219,66.9696,56.6877,38.3458,0.0019,17.4801,9.4018,10.2819,1775608603005750078
diasbp,no_sharing,192.8255,73.7998,71.5749,41.2695,0.0021,30.0534,1.405,2.225,1775608603101370871
diasbp,no_sharing,193.0588,46.7622,44.6859,43.757,0.0024,0.6598,1.3618,2.0763,1775608603334686752
diasbp,no_sharing,193.3061,80.3323,77.5752,75.9014,0.0042,1.183,1.7195,2.7571,1775608603582345300
diasbp,no_sharing,193.3755,66.3178,54.5137,53.5687,0.0022,0.6586,10.8659,11.8041,1775608603660821006
diasbp,no_sharing,193.935,43.9968,41.5697,40.6634,0.0021,0.6227,1.5721,2.4271,1775608604211060933
diasbp,no_sharing,194.2132,75.6357,73.382,62.4045,0.004,10.459,1.3103,2.2537,1775608604488991316
diasbp,no_sharing,194.2236,126.7536,60.8376,50.644,0.0022,9.8769,65.0265,65.916,1775608604563149186
diasbp,no_sharing,194.3365,61.0607,46.678,43.6084,0.0021,2.817,13.6118,14.3826,1775608604624571461
diasbp,no_sharing,194.3659,86.4923,54.4052,42.0432,0.002,12.1015,31.3809,32.0871,1775608604671807418
diasbp,no_sharing,195.0286,70.6844,68.1897,65.94,0.0031,0.9469,1.6038,2.4948,1775608605304729172
diasbp,no_sharing,195.0757,95.3491,70.9609,49.7916,0.0019,10.4454,23.4149,24.3881,1775608605373622265
diasbp,no_sharing,195.0885,82.552,70.9609,49.7916,0.0019,10.4454,10.5972,11.591,1775608605373622265
diasbp,no_sharing,195.1345,86.1368,48.8758,40.5578,0.002,8.0682,36.3111,37.261,1775608605445304182
diasbp,no_sharing,195.4697,83.7932,81.1494,79.4711,0.0041,1.1793,1.6022,2.6438,1775608605745755315
diasbp,no_sharing,195.9226,63.8812,61.4443,42.5204,0.0022,18.6637,1.5204,2.4368,1775608606198652615
diasbp,no_sharing,196.1022,55.4941,53.1491,40.9374,0.0021,11.9023,1.4598,2.345,1775608606378153093
diasbp,no_sharing,196.1049,133.6532,80.0249,43.2265,0.002,18.2587,52.6218,53.6282,1775608606431999689
diasbp,no_sharing,196.146,92.5655,80.0249,43.2265,0.002,18.2587,11.5116,12.5406,1775608606431999689
diasbp,no_sharing,196.6374,61.9206,59.6854,55.3945,0.003,3.922,1.4524,2.2352,1775608606913307573
diasbp,no_sharing,197.0291,76.8614,74.4729,72.8325,0.0037,1.1165,1.6382,2.3885,1775608607305257574
diasbp,no_sharing,197.1561,43.8416,41.6893,40.7918,0.0021,0.615,1.4355,2.1523,1775608607432036899
diasbp,no_sharing,198.131,61.8253,59.6,44.7809,0.0023,14.5178,1.483,2.2253,1775608608406939584
diasbp,no_sharing,198.1455,131.5882,83.6796,41.1407,0.0018,42.2989,47.1523,47.9087,1775608608467103451
diasbp,no_sharing,198.5624,77.7194,75.4991,73.7967,0.0046,1.1518,1.3032,2.2203,1775608608838176220
diasbp,no_sharing,198.7885,55.3334,53.4325,38.5469,0.0019,14.6163,1.2593,1.9008,1775608609064257400
diasbp,no_sharing,199.3921,53.9434,51.7388,45.2622,0.0019,6.2113,1.4768,2.2046,1775608609668101087
diasbp,no_sharing,199.5634,67.884,65.3972,38.1958,0.0019,26.9555,1.7726,2.4868,1775608609839698112
diasbp,no_sharing,199.6658,63.2608,61.4675,36.3424,0.0017,24.9023,1.1299,1.7933,1775608609941423381
diasbp,no_sharing,199.6905,88.8133,49.4859,46.6917,0.0026,2.4531,38.4932,39.3274,1775608610003430398
diasbp,no_sharing,199.8719,59.7575,57.4843,56.2167,0.0029,0.8777,1.4803,2.2732,1775608610147815918
diasbp,no_sharing,200.1577,60.6685,58.2975,57.032,0.003,0.8913,1.4799,2.371,1775608610433624881
diasbp,no_sharing,200.1783,94.1021,53.2325,50.4336,0.0023,2.4895,39.8483,40.8697,1775608610492641777
diasbp,no_sharing,200.3833,48.1031,45.997,42.9908,0.0023,2.7405,1.3957,2.1061,1775608610659143275
diasbp,no_sharing,200.3999,74.5127,42.4021,41.5528,0.0021,0.597,31.3892,32.1106,1775608610705762862
diasbp,no_sharing,200.8106,76.9856,74.6414,72.9973,0.0037,1.1435,1.4286,2.3442,1775608611086505038
diasbp,no_sharing,201.0113,56.4673,54.1815,40.0893,0.0019,13.8167,1.442,2.2858,1775608611287257817
diasbp,no_sharing,201.2956,57.8191,55.0406,41.4006,0.0019,13.3643,1.9572,2.7786,1775608611571992617
diasbp,no_sharing,201.8543,77.3137,75.3401,73.6658,0.0037,1.1607,1.2259,1.9736,1775608612130014357
diasbp,no_sharing,201.9478,43.8724,41.903,41.0021,0.0019,0.6178,1.2558,1.9694,1775608612223494401
diasbp,no_sharing,202.1877,60.9982,58.8113,43.3951,0.0023,15.0912,1.5266,2.1869,1775608612463659812
diasbp,no_sharing,202.3615,43.8724,41.8047,40.9395,0.0016,0.6052,1.3287,2.0677,1775608612637308602
diasbp,no_sharing,202.5006,62.3794,60.0758,48.9046,0.0017,10.8841,1.5254,2.3036,1775608612776636906
diasbp,no_sharing,202.7805,102.6759,100.4417,76.5859,0.0028,22.2312,1.4665,2.2342,1775608613056469989
diasbp,no_sharing,203.0239,72.1359,70.1892,40.3662,0.0015,29.5388,1.2245,1.9467,1775608613299620549
diasbp,no_sharing,203.3445,63.976,61.7043,44.3245,0.0016,17.0936,1.5624,2.2718,1775608613620564001
diasbp,no_sharing,203.5196,45.7797,43.8927,39.2046,0.0016,4.4232,1.1206,1.887,1775608613795163046
diasbp,no_sharing,204.1033,47.6854,45.43,44.5109,0.0016,0.6348,1.513,2.2554,1775608614379342727
diasbp,no_sharing,204.1652,45.7931,43.374,41.2236,0.0014,1.9135,1.3566,2.4191,1775608614441070737
diasbp,no_sharing,204.29,104.6681,102.5773,72.7451,0.0025,29.3339,1.3907,2.0908,1775608614565894952
diasbp,no_sharing,204.3833,103.0719,91.0619,43.0367,0.0015,47.7492,11.3616,12.01,1775608614669150249
diasbp,no_sharing,204.672,40.3881,38.4937,37.6462,0.0014,0.5799,1.2574,1.8944,1775608614947771419
diasbp,no_sharing,204.6826,87.7652,57.0513,40.2867,0.0013,16.4944,29.9277,30.714,1775608614986980792
diasbp,no_sharing,204.952,45.3689,43.2542,41.7339,0.0016,1.2473,1.3094,2.1147,1775608615227779401
diasbp,no_sharing,204.9685,72.1006,42.7399,41.8867,0.0015,0.6049,28.6,29.3607,1775608615271603510
diasbp,no_sharing,205.1637,114.1894,112.2468,41.6342,0.0014,70.3605,1.2143,1.9426,1775608615439369782
diasbp,no_sharing,205.4081,93.626,91.4679,44.534,0.0016,46.6496,1.3759,2.1581,1775608615683981552
diasbp,no_sharing,205.5059,86.5049,84.3888,42.8595,0.0015,41.2768,1.3528,2.1161,1775608615781707826
diasbp,no_sharing,205.5955,85.6619,83.7496,37.727,0.0013,45.8033,1.2074,1.9123,1775608615871199923
diasbp,no_sharing,205.958,44.497,42.2016,41.2203,0.0041,0.6802,1.369,2.2954,1775608616233884584
diasbp,no_sharing,206.0797,73.5352,71.4844,42.5871,0.0015,28.6364,1.4451,2.0508,1775608616355648060
diasbp,no_sharing,206.1891,82.8273,80.8434,42.3359,0.0017,38.2331,1.0338,1.9839,1775608616464632727
diasbp,no_sharing,206.2879,73.2503,70.7206,62.9804,0.0023,7.2948,1.6444,2.5297,1775608616564056002
diasbp,no_sharing,206.4464,74.6505,72.0809,69.4733,0.0028,1.0798,1.5626,2.5696,1775608616722491000
diasbp,no_sharing,206.581,49.4523,47.0893,46.196,0.0017,0.6184,1.4839,2.363,1775608616856980340
diasbp,no_sharing,206.6263,48.497,43.9206,41.6455,0.0015,2.0218,3.8714,4.5763,1775608616904677070
diasbp,no_sharing,206.764,62.2215,59.8942,58.637,0.0023,0.8849,1.4386,2.3274,1775608617039893205
diasbp,no_sharing,206.9724,80.749,78.7909,40.7752,0.0017,37.7184,1.3242,1.9582,1775608617248166849
diasbp,no_sharing,206.9934,140.0962,80.0371,43.4396,0.0014,36.3535,59.4389,60.0591,1775608617327364950
diasbp,no_sharing,207.1637,40.1428,38.5557,37.7263,0.0015,0.5849,0.926,1.5871,1775608617439069070
diasbp,no_sharing,207.4635,63.2877,61.1572,45.4757,0.0014,15.4366,1.4479,2.1305,1775608617739420730
diasbp,no_sharing,207.6506,40.159,38.3296,37.5469,0.0013,0.5359,1.1673,1.8294,1775608617926279978
diasbp,no_sharing,208.139,95.4249,93.6176,44.7824,0.0016,48.5308,1.163,1.8073,1775608618414664126
diasbp,no_sharing,208.8404,49.3691,47.1966,46.2056,0.0017,0.6544,1.2939,2.1725,1775608619116143984
diasbp,no_sharing,208.8969,46.9213,44.8494,43.2669,0.0017,0.6306,1.1978,2.0719,1775608619172626672
diasbp,no_sharing,208.9461,60.1606,58.0977,42.1606,0.0014,15.6808,1.1461,2.063,1775608619221695569
diasbp,no_sharing,209.0184,59.0615,56.441,35.7162,0.0012,20.511,1.3578,2.6205,1775608619294253465
diasbp,no_sharing,209.3767,71.1617,69.0194,50.5235,0.0017,18.2004,1.266,2.1423,1775608619652480679
diasbp,no_sharing,209.5622,50.3962,48.328,47.4475,0.0016,0.6148,1.2786,2.0682,1775608619837948749
diasbp,no_sharing,209.6468,61.8432,59.8073,49.9713,0.0013,9.5749,1.1976,2.0359,1775608619922444106
diasbp,no_sharing,209.767,60.07,57.7667,45.306,0.0014,12.2162,1.4915,2.3033,1775608620042992230
diasbp,no_sharing,209.834,52.3872,50.7928,39.4746,0.0014,11.0622,1.0531,1.5945,1775608620109549005
diasbp,no_sharing,209.8661,75.4964,54.6653,37.4896,0.0012,16.9337,20.2348,20.8312,1775608620160826240
diasbp,no_sharing,209.9203,107.8923,86.2025,36.9909,0.0013,48.9881,21.0779,21.6898,1775608620215852508
diasbp,no_sharing,209.9969,74.6992,42.8617,34.2804,0.0011,8.3664,31.1427,31.8374,1775608620302531656
diasbp,no_sharing,210.1368,55.1901,53.3547,34.3447,0.0012,18.808,1.2548,1.8354,1775608620412565299
diasbp,no_sharing,210.3952,44.9564,42.7094,36.7774,0.0014,5.7001,1.2832,2.2471,1775608620670918324
diasbp,no_sharing,210.5298,73.8032,71.8149,36.5335,0.0013,35.05,1.4248,1.9882,1775608620805719649
diasbp,no_sharing,210.5298,179.0032,104.7939,34.2352,0.0013,35.1613,73.5898,74.2093,1775608620877910641
diasbp,no_sharing,210.5713,137.5983,104.7939,34.2352,0.0013,35.1613,32.1093,32.8043,1775608620877910641
diasbp,no_sharing,210.7721,48.2554,46.2965,45.2946,0.0019,0.6907,1.2329,1.9589,1775608621047835804
diasbp,no_sharing,210.8933,87.3005,85.4019,38.5638,0.0013,46.5882,1.3633,1.8987,1775608621169129304
diasbp,no_sharing,210.9603,93.7626,73.0163,35.415,0.0013,37.3983,20.1526,20.7463,1775608621254895784
diasbp,no_sharing,211.1624,36.7436,35.1451,34.4402,0.0011,0.4959,1.0376,1.5986,1775608621437946324
diasbp,no_sharing,211.2764,49.7162,47.3456,46.3437,0.002,0.7058,1.4784,2.3706,1775608621552355910
diasbp,no_sharing,211.6555,54.3106,51.9527,50.0686,0.0016,1.5809,1.5574,2.3579,1775608621931545626
diasbp,no_sharing,212.4572,58.9647,56.3976,49.6178,0.0018,6.4699,1.6534,2.5671,1775608622733309955
diasbp,no_sharing,212.9265,59.7663,57.2696,43.8649,0.0013,13.1408,1.6742,2.4967,1775608623202636294
diasbp,no_sharing,212.9762,47.364,36.7814,36.0396,0.0013,0.5321,9.7878,10.5826,1775608623260423951
diasbp,no_sharing,213.0547,36.5615,34.5513,33.8606,0.0012,0.4836,1.2209,2.0102,1775608623330441821
diasbp,no_sharing,213.1195,36.2639,34.1859,33.4834,0.0012,0.4976,1.2755,2.078,1775608623395265629
diasbp,no_sharing,213.4105,84.4159,81.9763,44.2016,0.0016,37.5216,1.6408,2.4396,1775608623686618147
diasbp,no_sharing,213.9264,81.1963,78.9912,77.3245,0.0029,1.1466,1.4474,2.2051,1775608624202343361
diasbp,no_sharing,213.9987,92.355,82.9013,54.6084,0.0016,27.9947,8.8208,9.4537,1775608624281995193
diasbp,no_sharing,214.0343,137.0099,79.3908,40.0779,0.0014,19.5324,56.6988,57.619,1775608624365483334
diasbp,no_sharing,214.0738,97.5647,79.3908,40.0779,0.0014,19.5324,17.2212,18.1739,1775608624365483334
diasbp,no_sharing,214.265,74.3556,72.3513,56.9576,0.0021,14.9884,1.2746,2.0043,1775608624540786399
diasbp,no_sharing,214.4528,59.3364,57.3932,55.3261,0.0021,0.8621,1.2197,1.9433,1775608624728541431
diasbp,no_sharing,214.5414,42.3243,40.4424,39.5821,0.0016,0.6024,1.1785,1.8819,1775608624817013592
diasbp,no_sharing,215.0171,113.8809,111.8858,46.8362,0.0016,64.7888,1.2941,1.995,1775608625292901083
diasbp,no_sharing,215.1972,62.1161,60.1231,41.5087,0.0013,18.3682,1.1594,1.993,1775608625472821334
diasbp,no_sharing,215.2533,73.3542,66.7542,65.2954,0.0026,1.0028,5.7747,6.6,1775608625533571154
diasbp,no_sharing,215.3519,58.7845,56.5201,42.6239,0.0016,13.6271,1.4188,2.2644,1775608625627776846
diasbp,no_sharing,216.1224,59.34,57.2315,41.9705,0.0016,14.9737,1.4172,2.1085,1775608626398303928
diasbp,no_sharing,216.15,109.6847,77.1703,40.1267,0.0015,36.7909,31.6679,32.5144,1775608626456133239
diasbp,no_sharing,216.2548,90.1098,84.5051,74.496,0.0029,9.5113,4.6742,5.6047,1775608626533945069
diasbp,no_sharing,216.6196,69.3197,66.7263,42.9517,0.0016,23.4878,1.7195,2.5935,1775608626895778532
diasbp,no_sharing,216.7995,57.5051,55.1803,44.1776,0.0015,10.7121,1.4892,2.3249,1775608627075488520
diasbp,no_sharing,216.9705,44.4553,42.1254,41.2529,0.0015,0.6223,1.4296,2.3299,1775608627246433367
diasbp,no_sharing,217.1777,52.856,50.407,49.4723,0.0017,0.6606,1.5144,2.4489,1775608627453697929
diasbp,no_sharing,217.5848,60.1196,57.768,39.3636,0.0014,18.1658,1.6887,2.3517,1775608627860990054
diasbp,no_sharing,218.0343,83.5869,81.0567,79.3715,0.003,1.1565,1.7028,2.5302,1775608628310473842
diasbp,no_sharing,218.1808,56.5798,54.2401,47.1286,0.0016,6.8213,1.5018,2.3397,1775608628456757026
diasbp,no_sharing,218.2838,80.982,78.6238,76.8745,0.0029,1.2347,1.4131,2.3581,1775608628559743189
diasbp,no_sharing,218.6025,59.2442,56.9457,38.707,0.0013,17.9633,1.4017,2.2985,1775608628878340793
diasbp,no_sharing,218.8546,87.5802,85.0738,74.1911,0.0027,10.363,1.6911,2.5064,1775608629130796151
diasbp,no_sharing,219.1145,71.1429,69.1162,44.6065,0.0014,24.2227,1.3065,2.0267,1775608629390294415
diasbp,no_sharing,219.1719,72.9651,58.5173,39.295,0.0014,18.9704,13.5977,14.4479,1775608629459992047
diasbp,no_sharing,219.1938,116.23,64.398,62.9829,0.0024,0.9782,50.9036,51.832,1775608629519179307
diasbp,no_sharing,219.4569,81.0461,78.3138,75.1471,0.0028,2.6905,1.5776,2.7323,1775608629732935474
diasbp,no_sharing,219.6139,52.9978,50.5465,49.5899,0.0017,0.6686,1.5543,2.4513,1775608629889919277
diasbp,no_sharing,219.7586,63.1783,60.8858,41.1754,0.0014,19.4357,1.457,2.2925,1775608630034537098
diasbp,no_sharing,220.0008,57.3313,54.9017,46.7231,0.0016,7.9143,1.5249,2.4296,1775608630276796427
diasbp,no_sharing,220.4409,44.0259,42.0113,41.1162,0.0015,0.6212,1.2844,2.0146,1775608630716678967
diasbp,no_sharing,220.9258,43.4055,41.617,40.7241,0.0017,0.601,1.0104,1.7886,1775608631201287294
diasbp,no_sharing,221.4617,50.1695,47.787,46.8598,0.0016,0.6531,1.5063,2.3825,1775608631737726246
diasbp,no_sharing,221.6109,73.8578,71.2537,45.3874,0.0015,25.5945,1.7505,2.6041,1775608631887128774
diasbp,no_sharing,222.0478,91.2933,89.022,80.1446,0.003,8.336,1.5016,2.2714,1775608632323831183
diasbp,no_sharing,222.5257,71.6572,69.6429,40.4743,0.0015,28.8844,1.3444,2.0142,1775608632801520074
diasbp,no_sharing,223.3984,84.8432,82.255,80.5157,0.003,1.1962,1.6181,2.5881,1775608633674500244
diasbp,no_sharing,223.5215,53.179,50.6512,49.6818,0.0017,0.6699,1.5998,2.5278,1775608633797557516
diasbp,no_sharing,223.6827,48.6102,46.2699,45.321,0.0017,0.6747,1.4584,2.3403,1775608633958599580
diasbp,no_sharing,224.943,78.1112,76.0514,44.3529,0.0016,31.4117,1.3552,2.0598,1775608635218870914
diasbp,no_sharing,225.0676,59.7544,57.8904,35.9267,0.0013,21.7332,1.1659,1.864,1775608635343220768
diasbp,no_sharing,225.1994,61.1544,58.9611,36.1203,0.0012,22.6037,1.3297,2.1932,1775608635475164443
diasbp,no_sharing,225.3279,84.8324,82.4243,55.3466,0.0017,26.7863,1.6501,2.4081,1775608635604067958
diasbp,no_sharing,225.3678,105.9785,60.4448,43.4478,0.0015,16.7368,44.7736,45.5336,1775608635687078535
diasbp,no_sharing,225.542,50.5235,48.3352,47.3678,0.0016,0.6824,1.4029,2.1883,1775608635817908458
diasbp,no_sharing,225.5527,86.9195,46.2409,43.4554,0.0015,0.9429,39.7301,40.6787,1775608635866871377
diasbp,no_sharing,225.5832,56.4239,46.2409,43.4554,0.0015,0.9429,9.213,10.183,1775608635866871377
diasbp,no_sharing,225.6898,43.8783,41.7432,40.887,0.0015,0.6062,1.3249,2.1351,1775608635965592889
diasbp,no_sharing,225.7154,61.5623,42.7558,41.8975,0.0015,0.6067,18.0202,18.8065,1775608636007905180
diasbp,no_sharing,226.2307,77.5321,75.1161,73.3742,0.003,1.2112,1.502,2.4159,1775608636506636634
diasbp,no_sharing,226.3104,59.8755,57.6288,46.995,0.0015,10.347,1.4732,2.2467,1775608636586314674
diasbp,no_sharing,226.3217,92.6375,43.438,42.3994,0.0016,0.786,48.3916,49.1995,1775608636644538085
diasbp,no_sharing,226.3804,139.6871,105.0553,42.0221,0.0014,31.3874,33.6964,34.6317,1775608636688605446
diasbp,no_sharing,226.3911,129.0812,105.0553,42.0221,0.0014,31.3874,23.0708,24.0259,1775608636688605446
diasbp,no_sharing,226.635,43.7255,41.6686,40.7826,0.0015,0.6113,1.3096,2.0569,1775608636910825271
diasbp,no_sharing,226.9293,75.8128,73.4705,45.1628,0.0016,28.0437,1.5442,2.3423,1775608637205308753
diasbp,no_sharing,227.218,63.1151,60.9166,59.2245,0.003,1.184,1.2457,2.1985,1775608637493718704
diasbp,no_sharing,227.9073,51.6949,49.2609,47.6044,0.0019,1.3433,1.6448,2.434,1775608638183399032
diasbp,no_sharing,228.7642,37.9293,36.0583,35.2761,0.0014,0.5286,1.2376,1.871,1775608639039956913
diasbp,no_sharing,229.1557,47.2176,45.2013,44.3073,0.0017,0.632,1.2441,2.0163,1775608639431454738
diasbp,no_sharing,229.25,88.8228,86.5037,41.5066,0.0015,44.713,1.498,2.3191,1775608639525976735
diasbp,no_sharing,229.718,66.0543,63.7859,59.3708,0.003,3.9088,1.2803,2.2685,1775608639993776861
diasbp,no_sharing,229.7441,86.9124,46.4097,45.5005,0.0016,0.6165,39.6655,40.5027,1775608640058272633
diasbp,no_sharing,230.3415,100.3196,98.0015,77.5702,0.003,19.9256,1.6227,2.3181,1775608640617633283
diasbp,no_sharing,230.377,157.2263,91.6827,52.032,0.0014,39.391,64.7881,65.5437,1775608640716315712
diasbp,no_sharing,230.6282,54.8935,53.0268,38.8392,0.0014,13.9322,1.2846,1.8667,1775608640903956331
diasbp,no_sharing,230.6595,64.1661,40.057,39.226,0.0014,0.584,23.4725,24.1091,1775608640957418847
diasbp,no_sharing,230.8933,57.7309,55.8778,53.6468,0.002,1.8713,1.1141,1.8531,1775608641168902898
diasbp,no_sharing,230.9482,58.7959,55.5625,45.7344,0.0015,9.5635,2.502,3.2334,1775608641225211260
diasbp,no_sharing,231.0747,45.1171,43.3506,42.4742,0.0015,0.6137,1.1518,1.7665,1775608641350324362
diasbp,no_sharing,231.3815,58.8572,56.8267,42.9851,0.0014,13.5874,1.3154,2.0305,1775608641657272780
diasbp,no_sharing,231.6147,65.7079,63.9467,38.5883,0.0015,25.086,1.0927,1.7612,1775608641890260431
diasbp,no_sharing,231.7671,48.9042,46.4344,45.5277,0.0014,0.6391,1.5512,2.4697,1775608642043089280
diasbp,no_sharing,231.9982,53.0117,50.5442,49.5742,0.0018,0.6741,1.5728,2.4675,1775608642274243040
diasbp,no_sharing,232.0674,48.6782,46.2695,44.4969,0.0014,1.5196,1.5311,2.4087,1775608642343433412
diasbp,no_sharing,232.1871,106.2522,104.2667,41.6319,0.0013,62.4087,1.2009,1.9855,1775608642462811321
diasbp,no_sharing,232.5841,48.5106,46.3194,45.4524,0.0014,0.619,1.4327,2.1911,1775608642860002094
diasbp,no_sharing,233.0741,54.3072,52.2009,36.5662,0.0013,15.3833,1.4417,2.1063,1775608643350071146
diasbp,no_sharing,233.1285,59.2179,57.5285,34.8676,0.0012,22.4498,1.1044,1.6894,1775608643404060729
diasbp,no_sharing,233.1962,34.5371,32.5331,31.8291,0.0012,0.4826,1.369,2.004,1775608643472097433
diasbp,no_sharing,233.256,46.2191,44.1772,43.4454,0.0013,0.5099,1.2805,2.0419,1775608643531738743
diasbp,no_sharing,233.2785,61.4641,37.2793,32.8847,0.0013,4.1948,23.5031,24.1848,1775608643576463886
diasbp,no_sharing,233.495,75.4695,73.4714,41.1725,0.0013,32.0441,1.3943,1.9981,1775608643770909731
diasbp,no_sharing,233.617,37.9279,36.0174,35.3032,0.0013,0.5071,1.1737,1.9105,1775608643892636828
diasbp,no_sharing,233.6205,69.3147,34.4998,33.8093,0.0013,0.4799,34.1909,34.8149,1775608643929204331
diasbp,no_sharing,233.696,34.6634,32.9518,32.2328,0.0012,0.5167,1.0064,1.7116,1775608643971515451
diasbp,no_sharing,234.1465,42.9075,40.9805,37.1489,0.0017,3.5966,1.2183,1.9269,1775608644422162785
diasbp,no_sharing,234.2234,60.6227,58.725,57.1354,0.0026,1.1153,1.1232,1.8977,1775608644499021798
diasbp,no_sharing,234.3312,39.4559,37.5516,36.2481,0.0014,0.5266,1.3473,1.9043,1775608644607007712
diasbp,no_sharing,234.3547,52.11,35.5338,34.8535,0.0011,0.4822,15.8749,16.5762,1775608644645051015
diasbp,no_sharing,234.5191,55.0423,52.9315,37.2298,0.0014,15.4414,1.3199,2.1108,1775608644794858362
diasbp,no_sharing,234.6437,40.4866,38.4144,37.6582,0.0014,0.5259,1.2212,2.0722,1775608644919426473
diasbp,no_sharing,235.2324,91.9957,89.9798,70.4383,0.0028,19.0478,0.9811,2.0159,1775608645507883098
diasbp,no_sharing,235.4426,48.7561,46.3629,38.9987,0.0015,7.0858,1.6422,2.3933,1775608645718734923
diasbp,no_sharing,235.5434,42.9051,41.0375,40.1834,0.0015,0.5978,1.1177,1.8676,1775608645819026036
diasbp,no_sharing,235.6284,77.0578,74.8871,42.1836,0.0014,32.4391,1.5147,2.1708,1775608645904444702
diasbp,no_sharing,235.7842,60.3476,58.0128,56.7099,0.0139,0.8837,1.3824,2.3348,1775608646060082396
diasbp,no_sharing,236.0388,66.72,64.9711,40.8505,0.0017,23.8379,1.1733,1.7489,1775608646314455874
diasbp,no_sharing,236.1599,41.3897,39.8141,37.5613,0.0014,2.0074,0.9651,1.5756,1775608646435350954
diasbp,no_sharing,236.4392,41.1952,39.1527,38.3111,0.0016,0.5755,1.2267,2.0425,1775608646714941914
diasbp,no_sharing,236.5176,43.9398,41.9993,41.138,0.0015,0.6078,1.2517,1.9405,1775608646793369204
diasbp,no_sharing,236.5243,79.6156,41.7603,40.9057,0.0013,0.6059,37.0941,37.8553,1775608646835839347
diasbp,no_sharing,236.5637,121.1977,80.7472,40.0466,0.0015,40.4453,39.8915,40.4505,1775608646878072183
diasbp,no_sharing,236.8106,74.7418,72.7985,55.2721,0.0018,17.1766,1.065,1.9433,1775608647086116570
diasbp,no_sharing,237.1346,61.2354,59.3964,53.0203,0.002,6.0123,1.0965,1.839,1775608647410161332
diasbp,no_sharing,237.1401,111.5475,55.4922,46.5235,0.0014,8.7165,55.4068,56.0553,1775608647469996830
diasbp,no_sharing,237.2706,42.5832,41.0001,40.134,0.0015,0.6037,0.957,1.5832,1775608647546001087
diasbp,no_sharing,237.411,52.9342,50.8336,44.8148,0.0016,5.7223,1.4098,2.1006,1775608647686842637
diasbp,no_sharing,237.9384,45.8393,43.4535,41.9706,0.0014,1.2029,1.4522,2.3858,1775608648214362212
diasbp,no_sharing,238.3489,78.316,74.8772,49.3819,0.0017,25.2094,2.4886,3.4387,1775608648625895333
diasbp,no_sharing,238.8699,79.0415,76.7537,75.0824,0.003,1.1522,1.4338,2.2878,1775608649145771068
diasbp,no_sharing,238.9402,66.8261,57.7536,48.0226,0.0015,9.4371,8.3447,9.0725,1775608649222994790
diasbp,no_sharing,238.9975,52.7186,42.9471,42.1047,0.0015,0.5925,9.1665,9.7715,1775608649281146464
diasbp,no_sharing,239.2015,54.8739,52.8373,43.4379,0.0023,8.993,1.1816,2.0366,1775608649477185021
diasbp,no_sharing,239.2161,85.3939,44.4409,42.7985,0.0014,1.3735,40.1757,40.953,1775608649530711281
diasbp,no_sharing,239.3957,51.1572,48.8631,47.9303,0.0016,0.6582,1.3762,2.2941,1775608649671560267
diasbp,no_sharing,239.4657,55.3203,53.264,41.0145,0.0015,11.9935,1.3123,2.0563,1775608649741458715
diasbp,no_sharing,239.7077,91.5754,89.8633,43.4669,0.0021,46.0077,0.9689,1.712,1775608649983155902
diasbp,no_sharing,239.7675,104.7509,72.3363,42.327,0.0015,29.73,31.5731,32.4146,1775608650073536700
diasbp,no_sharing,239.951,50.4751,48.4821,45.4385,0.0017,1.9812,1.2016,1.993,1775608650226677822
diasbp,no_sharing,240.0454,115.1848,113.2087,40.7145,0.0013,72.2501,1.2012,1.9761,1775608650321127106
diasbp,no_sharing,240.4773,43.1106,41.2558,40.4009,0.0016,0.5969,1.1051,1.8548,1775608650752930540
diasbp,no_sharing,240.871,79.6146,77.2107,75.5424,0.0029,1.1626,1.488,2.4039,1775608651146956331
diasbp,no_sharing,241.4067,44.9293,42.8433,41.9476,0.0015,0.6164,1.307,2.0859,1775608651682535546
diasbp,no_sharing,241.4529,69.9949,68.0211,40.4587,0.0014,27.3064,1.102,1.9739,1775608651728438661
diasbp,no_sharing,241.7402,87.8382,84.6434,82.8275,0.0032,1.2628,2.2695,3.1948,1775608652016934387
diasbp,no_sharing,242.1639,43.541,41.6192,40.7398,0.0015,0.6048,1.2064,1.9218,1775608652439613595
diasbp,no_sharing,242.2137,57.4589,55.3922,53.7374,0.0028,1.1508,1.1837,2.0667,1775608652489336456
diasbp,no_sharing,242.4416,80.6007,78.4209,76.518,0.0078,1.2975,1.2834,2.1798,1775608652717338737
diasbp,no_sharing,242.5349,62.6712,60.5045,45.5389,0.0016,14.6556,1.3657,2.1667,1775608652810742461
diasbp,no_sharing,242.8211,77.7552,75.732,74.0558,0.0028,1.1532,1.1768,2.0232,1775608653096749158
diasbp,no_sharing,242.9,47.5936,45.6194,42.5598,0.0015,2.79,1.2314,1.9742,1775608653175723492
diasbp,no_sharing,243.2943,61.2824,58.7875,49.534,0.0017,8.9306,1.6205,2.4949,1775608653570421699
diasbp,no_sharing,243.4246,75.6381,73.3328,40.6671,0.0016,32.4046,1.3926,2.3052,1775608653700445745
diasbp,no_sharing,243.4924,51.2896,42.9637,42.0662,0.0014,0.6243,7.5297,8.3259,1775608653774413689
diasbp,no_sharing,243.9684,84.6922,82.1428,69.4735,0.0025,12.2179,1.6606,2.5495,1775608654244581213
diasbp,no_sharing,243.9842,133.5671,63.9197,53.5027,0.0014,5.0724,68.6808,69.6473,1775608654327332451
diasbp,no_sharing,244.0324,85.4089,63.9197,53.5027,0.0014,5.0724,20.499,21.4892,1775608654327332451
diasbp,no_sharing,244.0553,140.8968,77.9308,42.1946,0.0015,17.7326,62.0284,62.966,1775608654391835309
diasbp,no_sharing,244.0807,115.5837,77.9308,42.1946,0.0015,17.7326,36.6926,37.6528,1775608654391835309
diasbp,no_sharing,244.4079,52.8233,50.6196,49.6388,0.0017,0.6825,1.3545,2.2037,1775608654683779512
diasbp,no_sharing,244.563,53.4329,51.236,49.5681,0.0017,1.366,1.4002,2.197,1775608654838917182
diasbp,no_sharing,244.7139,64.9927,62.4802,60.7923,0.0031,1.1991,1.2405,2.5124,1775608654989582283
diasbp,no_sharing,244.7675,66.9229,55.192,47.1444,0.0017,7.7719,10.8702,11.7309,1775608655052893535
diasbp,no_sharing,244.7784,144.8829,88.3242,44.7061,0.0015,43.368,55.7539,56.5587,1775608655108593938
diasbp,no_sharing,244.9886,61.2807,59.2408,40.5131,0.0015,18.4821,1.2307,2.0399,1775608655264274574
diasbp,no_sharing,246.057,87.1027,84.8526,48.6798,0.0015,35.9135,1.5447,2.2501,1775608656333038558
diasbp,no_sharing,246.2966,56.5886,54.3905,40.7887,0.0015,13.3729,1.3945,2.1982,1775608656572487978
diasbp,no_sharing,246.5175,70.8749,68.1014,45.1697,0.0015,22.6542,1.9867,2.7736,1775608656793947330
diasbp,no_sharing,246.5255,122.5359,59.4115,36.5364,0.0014,22.637,62.4747,63.1245,1775608656862497699
diasbp,no_sharing,246.6623,36.4869,34.635,33.91,0.0012,0.5016,1.0791,1.8519,1775608656937841605
diasbp,no_sharing,247.3066,87.7733,85.3798,83.6089,0.003,1.2409,1.5409,2.3935,1775608657582661422
diasbp,no_sharing,247.3626,88.0361,55.8161,50.2205,0.0017,5.3297,31.5957,32.22,1775608657668698710
diasbp,no_sharing,247.4176,80.9269,47.3328,42.6508,0.0014,4.4401,32.9502,33.5941,1775608657725005864
diasbp,no_sharing,247.6517,45.2483,43.3308,42.4418,0.0015,0.6321,1.1165,1.9175,1775608657927259591
diasbp,no_sharing,248.3232,46.2148,44.1352,43.2345,0.0018,0.6119,1.2755,2.0796,1775608658598937307
diasbp,no_sharing,248.3378,75.5205,43.1192,42.2564,0.0014,0.6092,31.1565,32.4013,1775608658643485490
diasbp,no_sharing,248.4696,43.5112,41.6322,40.7593,0.0016,0.6094,1.0865,1.879,1775608658745168353
diasbp,no_sharing,248.6773,70.7338,68.6346,37.9377,0.0014,30.4372,1.1907,2.0992,1775608658952968733
diasbp,no_sharing,248.7492,55.5189,53.2412,52.3897,0.0014,0.5933,1.3978,2.2777,1775608659025065074
diasbp,no_sharing,248.9156,51.5347,48.9252,47.9657,0.0017,0.6808,1.7648,2.6095,1775608659191849324
diasbp,no_sharing,248.9223,103.4307,58.1989,42.4035,0.0015,15.5208,44.4565,45.2318,1775608659241257051
diasbp,no_sharing,249.104,43.9951,42.0247,40.544,0.0017,0.6069,1.1811,1.9704,1775608659379652680
diasbp,no_sharing,249.2129,48.285,46.2497,45.1565,0.0019,0.7766,1.2155,2.0353,1775608659488643838
diasbp,no_sharing,249.4887,93.1835,91.1935,42.0067,0.0015,48.9254,1.2336,1.99,1775608659764458149
diasbp,no_sharing,249.8202,92.0079,89.6216,81.3348,0.0031,7.7884,1.4982,2.3863,1775608660096217945
diasbp,no_sharing,249.8902,91.6059,69.1259,56.3651,0.0016,12.4814,21.7855,22.48,1775608660186451183
diasbp,no_sharing,249.9341,100.6951,52.6248,38.8798,0.0014,13.4979,47.2946,48.0703,1775608660255913019
diasbp,no_sharing,250.2697,81.3124,78.8894,77.1876,0.0032,1.1869,1.4174,2.423,1775608660545641189
diasbp,no_sharing,250.6723,51.6665,49.1723,48.2076,0.0017,0.6666,1.5399,2.4942,1775608660948326596
diasbp,no_sharing,250.7432,62.1154,59.8615,41.7305,0.0016,17.8475,1.5144,2.254,1775608661019164796
diasbp,no_sharing,250.833,42.8073,40.9562,40.0885,0.0015,0.6103,1.0409,1.8511,1775608661108559346
diasbp,no_sharing,251.1734,45.0709,42.7188,41.2015,0.0017,1.2515,1.451,2.3521,1775608661449339224
diasbp,no_sharing,251.3398,60.9148,58.6602,49.4734,0.0017,8.8981,1.4775,2.2546,1775608661615730271
diasbp,no_sharing,251.5448,74.1603,72.1792,40.8624,0.0014,31.0878,1.1168,1.9811,1775608661820377758
diasbp,no_sharing,251.9643,86.0343,83.9325,75.1214,0.0029,8.2996,1.3876,2.1018,1775608662240158355
diasbp,no_sharing,252.0016,119.8874,70.5576,49.2044,0.0014,21.0958,48.5535,49.3297,1775608662324616457
diasbp,no_sharing,253.0948,89.4117,86.5069,84.662,0.0031,1.2463,1.8919,2.9048,1775608663371176956
diasbp,no_sharing,253.1075,160.0645,82.6814,51.2179,0.0015,31.1899,76.5159,77.3831,1775608663458517617
diasbp,no_sharing,253.3293,89.6392,87.1769,41.0657,0.0015,45.8519,1.6875,2.4623,1775608663605477362
diasbp,no_sharing,253.3293,207.6883,117.5232,45.7843,0.0014,35.7388,89.2475,90.1651,1775608663693070461
diasbp,no_sharing,253.3524,184.6702,117.5232,45.7843,0.0014,35.7388,66.2072,67.147,1775608663693070461
diasbp,no_sharing,253.4979,95.8655,56.5395,42.5016,0.0016,13.7796,38.6209,39.326,1775608663811029086
diasbp,no_sharing,253.5582,88.3398,52.1109,41.9801,0.0014,9.8761,35.2035,36.2289,1775608663867925876
diasbp,no_sharing,253.6846,70.852,68.8023,44.594,0.0016,23.9567,1.1926,2.0498,1775608663960297824
diasbp,no_sharing,254.1097,68.8655,66.9625,42.1327,0.0014,24.5657,1.225,1.903,1775608664385450564
diasbp,no_sharing,254.6287,81.4099,79.0944,76.2164,0.0028,2.3593,1.4586,2.3156,1775608664904677294
diasbp,no_sharing,254.9278,52.9623,50.5534,49.564,0.0018,0.6853,1.5655,2.4089,1775608665203870078
diasbp,no_sharing,255.3144,78.0821,75.9046,46.4126,0.0017,29.1927,1.5209,2.1775,1775608665590402596
diasbp,no_sharing,255.7828,93.5001,90.7811,86.3438,0.0022,3.9514,1.6663,2.719,1775608666058986729
diasbp,no_sharing,255.814,199.8928,136.8648,57.266,0.0015,39.6555,62.1293,63.028,1775608666150588685
diasbp,no_sharing,255.8742,139.8108,136.8648,57.266,0.0015,39.6555,1.8969,2.946,1775608666150588685
diasbp,no_sharing,256.0774,75.0265,72.522,70.4802,0.0018,1.6772,1.3142,2.5045,1775608666353151408
diasbp,no_sharing,256.1493,93.1532,89.8504,57.6014,0.0016,31.901,2.5015,3.3028,1775608666426273946
diasbp,no_sharing,257.0088,72.2113,69.6905,61.2443,0.0017,8.1327,1.6067,2.5207,1775608667284844897
diasbp,no_sharing,257.1539,52.5539,50.302,38.963,0.0016,10.4676,1.4021,2.2519,1775608667429821866
diasbp,no_sharing,257.2418,44.9858,42.8109,41.9725,0.0016,0.595,1.3161,2.1749,1775608667517591913
diasbp,no_sharing,258.1671,79.5724,77.2879,69.7864,0.0016,7.1679,1.4083,2.2845,1775608668442981602
diasbp,no_sharing,259.245,51.0645,48.7049,39.1742,0.0014,9.2304,1.4856,2.3596,1775608669520932735
diasbp,no_sharing,259.7201,60.6737,58.4792,57.6314,0.0014,0.591,1.3518,2.1945,1775608669995960250
diasbp,no_sharing,259.8874,60.0715,57.8763,41.4815,0.0016,16.1482,1.3859,2.1952,1775608670163261265
diasbp,no_sharing,260.017,81.7919,79.4989,41.8847,0.0015,37.3521,1.4005,2.293,1775608670292877131
diasbp,no_sharing,260.2942,65.5,63.0432,61.9705,0.002,0.7414,1.5988,2.4568,1775608670570239706
diasbp,no_sharing,260.2969,112.8685,49.3486,47.8424,0.0018,1.22,62.6774,63.5199,1775608670634037560
diasbp,no_sharing,260.3739,115.6812,79.2253,61.3466,0.0021,17.4714,35.6014,36.4559,1775608670683938771
diasbp,no_sharing,260.5541,59.6602,57.3438,48.5851,0.0016,8.4839,1.3802,2.3164,1775608670829991948
diasbp,no_sharing,260.9337,68.5594,66.2377,62.813,0.002,3.0189,1.4343,2.3217,1775608671209641714
diasbp,no_sharing,261.0777,55.9168,53.5427,45.5661,0.0017,7.7114,1.4799,2.3741,1775608671353642578
diasbp,no_sharing,261.0804,119.6806,65.5028,44.3785,0.0016,20.8409,52.9039,54.1778,1775608671407765443
diasbp,no_sharing,261.4567,82.3317,79.2352,77.6852,0.0021,0.9833,2.172,3.0964,1775608671733332412
diasbp,no_sharing,261.5772,82.3472,80.0337,64.9872,0.0018,14.6786,1.4279,2.3135,1775608671853135703
diasbp,no_sharing,261.6446,70.1578,54.6844,36.7936,0.0012,17.6739,14.6313,15.4734,1775608671933718925
diasbp,no_sharing,261.781,38.4421,36.2404,35.515,0.0013,0.5098,1.359,2.2017,1775608672056856877
diasbp,no_sharing,261.8977,51.3167,49.1324,38.0735,0.0014,10.8343,1.3459,2.1844,1775608672173518621
diasbp,no_sharing,261.9703,57.7128,55.4829,37.0109,0.0013,18.24,1.3504,2.2299,1775608672246095727
diasbp,no_sharing,262.102,54.693,52.3402,51.0847,0.0012,1.0293,1.4501,2.3527,1775608672377942365
diasbp,no_sharing,262.1337,58.4946,34.8504,34.1046,0.0013,0.4993,22.7609,23.6442,1775608672430898201
diasbp,no_sharing,262.242,53.546,51.3063,49.8778,0.0017,1.1155,1.3409,2.2397,1775608672517830626
diasbp,no_sharing,262.8952,76.1862,73.5068,62.2181,0.0013,11.0373,1.5123,2.6794,1775608673171147406
diasbp,no_sharing,262.9709,43.5297,41.2663,37.808,0.0013,3.2462,1.4739,2.2635,1775608673246847176
diasbp,no_sharing,263.2983,55.0842,52.9596,35.0002,0.0013,17.7284,1.308,2.1246,1775608673574041101
diasbp,no_sharing,263.3615,56.3483,54.1207,37.677,0.0014,16.2025,1.3471,2.2276,1775608673637356129
diasbp,no_sharing,263.3958,69.3908,46.8143,43.9842,0.0017,2.5092,21.7421,22.5765,1775608673692018185
diasbp,no_sharing,263.4251,87.2254,46.5423,45.836,0.0012,0.4907,39.876,40.6831,1775608673739424331
diasbp,no_sharing,263.6448,40.3743,38.1331,37.3786,0.0014,0.5224,1.3788,2.2412,1775608673920690135
diasbp,no_sharing,263.9072,40.9539,38.6797,37.8877,0.0015,0.5417,1.3895,2.2742,1775608674183082295
diasbp,no_sharing,263.9147,83.6434,49.5595,47.2176,0.0016,1.1762,33.1829,34.0839,1775608674222407482
diasbp,no_sharing,264.2379,84.1122,81.8339,79.8953,0.0032,1.3651,1.3597,2.2782,1775608674513698219
diasbp,no_sharing,264.4471,78.4719,76.2501,71.8817,0.0016,4.0079,1.3962,2.2218,1775608674722981710
diasbp,no_sharing,264.7208,67.1771,64.8469,48.3633,0.0024,16.0537,1.3535,2.3301,1775608674996629613
diasbp,no_sharing,264.8397,62.9022,60.6627,58.5487,0.0017,1.8423,1.4141,2.2396,1775608675115624915
diasbp,no_sharing,264.8504,123.4028,70.5483,44.2957,0.0017,25.9886,52.0241,52.8545,1775608675176910411
diasbp,no_sharing,265.2325,64.7154,62.3264,60.9363,0.0024,0.9726,1.467,2.389,1775608675508472056
diasbp,no_sharing,265.2822,65.9301,50.2231,49.2772,0.0016,0.654,14.8587,15.707,1775608675571518651
diasbp,no_sharing,265.6205,107.9664,105.5518,77.0232,0.0015,28.1447,1.5552,2.4146,1775608675896563932
diasbp,no_sharing,265.6312,175.6558,77.7955,55.4951,0.002,21.9479,96.9594,97.8603,1775608676002687009
diasbp,no_sharing,265.7749,77.4865,44.7947,41.8115,0.0014,2.7097,31.8108,32.6918,1775608676081158325
diasbp,no_sharing,265.9126,44.7454,42.3248,41.5314,0.0015,0.5547,1.5376,2.4207,1775608676188583008
diasbp,no_sharing,266.2962,75.1729,72.8959,71.2195,0.0015,1.418,1.4026,2.277,1775608676572066923
diasbp,no_sharing,266.4185,40.4024,38.1979,37.4417,0.0014,0.5303,1.3986,2.2045,1775608676694399807
diasbp,no_sharing,266.4506,47.9794,39.0699,35.7194,0.0013,3.1368,8.1065,8.9095,1775608676733154315
diasbp,no_sharing,266.6418,62.011,59.664,58.8928,0.0013,0.5378,1.4906,2.347,1775608676917774893
diasbp,no_sharing,267.6108,85.5851,83.1251,81.8168,0.0022,0.9058,1.7059,2.46,1775608677886951642
diasbp,no_sharing,268.0372,59.1233,56.5721,49.9155,0.0019,6.3748,1.5786,2.5511,1775608678313217143
diasbp,no_sharing,268.0583,94.8172,56.2308,41.6496,0.0015,14.3297,37.693,38.5863,1775608678370465543
diasbp,no_sharing,268.572,62.613,60.1424,44.0666,0.0015,15.7887,1.5886,2.4706,1775608678848040901
diasbp,no_sharing,269.385,57.0312,54.8439,42.286,0.0015,12.2881,1.3747,2.1872,1775608679660878281
diasbp,no_sharing,270.0356,68.1272,66.1154,64.9087,0.0019,0.8399,1.4217,2.0118,1775608680311455360
diasbp,no_sharing,270.2249,72.8202,70.8607,52.1633,0.0014,18.445,1.0688,1.9595,1775608680500430860
diasbp,no_sharing,270.4583,72.6912,69.9678,69.1715,0.0013,0.5595,1.8222,2.7234,1775608680734628294
diasbp,no_sharing,270.5175,51.8227,37.7079,36.969,0.0014,0.5175,13.1977,14.1147,1775608680805220088
diasbp,no_sharing,271.0835,54.8174,53.2861,52.5243,0.0013,0.524,0.8974,1.5313,1775608681358869917
diasbp,no_sharing,271.1209,94.558,76.6024,36.3709,0.0012,20.0071,17.1485,17.9556,1775608681412529188
diasbp,no_sharing,271.123,92.447,76.6024,36.3709,0.0012,20.0071,15.018,15.8447,1775608681412529188
diasbp,no_sharing,271.4617,98.2945,96.3062,59.2743,0.0015,36.6869,1.3168,1.9883,1775608681737477618
diasbp,no_sharing,271.7783,52.4762,50.2814,41.9443,0.0015,8.0706,1.3888,2.1948,1775608682054212221
diasbp,no_sharing,272.0518,55.0771,53.1703,52.0299,0.0013,0.9,1.2016,1.9067,1775608682327466255
diasbp,no_sharing,272.2751,81.9643,79.2,63.4962,0.0014,15.4347,1.8671,2.7643,1775608682551456083
diasbp,no_sharing,272.7671,99.1664,96.6222,95.1806,0.0024,1.0134,1.7023,2.5442,1775608683043287487
diasbp,no_sharing,272.7846,175.9417,93.7884,63.5806,0.0014,29.9291,81.4645,82.1533,1775608683140549056
diasbp,no_sharing,273.0613,48.2521,46.0396,45.1567,0.0016,0.6207,1.3506,2.2125,1775608683337118870
diasbp,no_sharing,273.3606,46.1047,44.0674,43.1588,0.0017,0.6399,1.2438,2.0373,1775608683636319710
diasbp,no_sharing,273.4209,53.2713,51.0434,44.1249,0.0118,6.6389,1.4033,2.2279,1775608683696802972
diasbp,no_sharing,273.5061,60.3893,58.2938,43.0606,0.0016,14.959,1.2972,2.0955,1775608683781884386
diasbp,no_sharing,273.8159,83.3228,81.2184,73.4364,0.0022,7.353,1.42,2.1044,1775608684091841479
diasbp,no_sharing,273.8483,99.3783,47.9051,41.3794,0.0013,6.2944,50.8237,51.4732,1775608684173603140
diasbp,no_sharing,273.9619,44.0397,42.1907,34.3647,0.0012,7.6212,1.147,1.8491,1775608684237488252
diasbp,no_sharing,274.0086,87.3342,85.5127,35.7287,0.0012,49.5696,1.1654,1.8215,1775608684284207245
diasbp,no_sharing,274.1759,36.9287,35.07,33.848,0.0013,0.479,1.2228,1.8587,1775608684451634615
diasbp,no_sharing,274.4467,37.72,36.2179,35.4857,0.0013,0.5119,0.973,1.5021,1775608684722144662
diasbp,no_sharing,274.6282,84.832,83.2256,39.5471,0.0013,43.4569,1.0548,1.6063,1775608684903691136
diasbp,no_sharing,275.4225,48.3925,45.5864,39.1122,0.0014,6.224,1.8406,2.8061,1775608685698779961
diasbp,no_sharing,275.7728,44.2021,42.0162,41.1734,0.0015,0.5841,1.4296,2.1859,1775608686048731777
diasbp,no_sharing,276.0482,41.3139,39.5175,35.3368,0.0013,3.9244,1.1747,1.7963,1775608686323821864
diasbp,no_sharing,276.2976,106.2567,104.6988,38.0072,0.0014,66.4255,1.0529,1.5579,1775608686573123591
diasbp,no_sharing,276.3623,129.1747,86.7437,38.7812,0.0013,47.7177,41.5912,42.431,1775608686678337553
diasbp,no_sharing,276.4417,130.9068,80.9856,36.0852,0.0014,44.684,49.2277,49.9212,1775608686765441213
diasbp,no_sharing,276.923,62.0029,60.1956,35.0575,0.0013,24.889,1.0836,1.8072,1775608687198569487
diasbp,no_sharing,276.9244,123.7273,62.5155,58.1546,0.0016,3.9895,60.4684,61.2118,1775608687259335072
diasbp,no_sharing,277.072,96.0255,93.9178,49.5452,0.0016,44.0506,1.4448,2.1077,1775608687347913318
diasbp,no_sharing,277.583,52.7687,50.548,49.2782,0.0018,1.0007,1.3478,2.2207,1775608687858866823
diasbp,no_sharing,277.6864,48.4498,46.4958,37.701,0.0014,8.5755,1.2074,1.9539,1775608687962115696
diasbp,no_sharing,277.7451,94.6763,92.1638,89.4617,0.0039,1.8892,1.4558,2.5125,1775608688021008648
diasbp,no_sharing,277.7837,128.7141,72.0111,71.0666,0.0015,0.6271,55.7947,56.703,1775608688114009959
diasbp,no_sharing,277.9657,71.5744,69.1889,46.1037,0.0017,22.8057,1.5578,2.3856,1775608688241700124
diasbp,no_sharing,278.4152,57.7495,55.4272,53.0812,0.0018,2.058,1.5211,2.3223,1775608688691212409
diasbp,no_sharing,278.6164,85.0191,82.5088,71.4342,0.0024,10.6354,1.6108,2.5103,1775608688892474637
diasbp,no_sharing,278.656,104.2578,58.1358,49.8001,0.0015,8.0639,45.2294,46.122,1775608688975732693
diasbp,no_sharing,278.8608,64.5008,62.1356,58.4037,0.0021,3.2939,1.4763,2.3652,1775608689136728906
diasbp,no_sharing,279.0997,52.87,50.3854,49.5192,0.0017,0.6124,1.5538,2.4847,1775608689375727124
diasbp,no_sharing,279.1144,95.9811,57.1877,41.2204,0.0015,15.735,37.8883,38.7935,1775608689426753469
diasbp,no_sharing,279.4097,71.7592,69.1345,67.7574,0.0024,0.9766,1.5929,2.6248,1775608689685822858
diasbp,no_sharing,279.5525,72.1884,69.7059,68.5378,0.002,0.8162,1.5895,2.4825,1775608689828584383
diasbp,no_sharing,279.6954,65.4871,63.1789,46.8151,0.0015,16.1019,1.3256,2.3082,1775608689971225167
diasbp,no_sharing,280.1605,39.8784,37.7461,36.9817,0.0013,0.5199,1.4234,2.1322,1775608690436378607
diasbp,no_sharing,280.4553,86.4439,84.3425,66.5336,0.002,17.4233,1.2479,2.1014,1775608690731046559
diasbp,no_sharing,281.323,70.5917,68.3628,45.4166,0.0016,22.6789,1.492,2.2289,1775608691599022996
diasbp,no_sharing,281.445,40.6661,38.1146,37.343,0.0014,0.531,1.369,2.5515,1775608691720809190
diasbp,no_sharing,281.5646,84.727,82.3441,47.0004,0.0018,34.9627,1.7221,2.383,1775608691840776841
diasbp,no_sharing,281.9688,62.7496,60.7444,54.6362,0.0017,4.9043,1.1809,2.0052,1775608692244438571
diasbp,no_sharing,282.0788,59.9279,57.8632,51.2315,0.0022,6.2465,1.2736,2.0647,1775608692354555859
diasbp,no_sharing,282.2502,72.1536,69.8913,67.5274,0.0015,2.1016,1.3061,2.2623,1775608692525972237
diasbp,no_sharing,282.3094,64.3232,50.863,40.8221,0.0015,9.793,12.6584,13.4602,1775608692596560557
diasbp,no_sharing,282.6208,48.0521,45.5543,43.5272,0.0016,1.7607,1.5848,2.4977,1775608692896821869
diasbp,no_sharing,282.6347,79.9756,45.3003,44.403,0.0017,0.6351,33.8223,34.6753,1775608692942990589
diasbp,no_sharing,282.7199,50.5183,48.332,47.4082,0.0016,0.6415,1.3158,2.1863,1775608692995648931
diasbp,no_sharing,282.8733,55.5351,53.3087,44.9821,0.0016,8.0586,1.4548,2.2264,1775608693149272737
diasbp,no_sharing,282.9597,45.7702,43.6687,42.7801,0.0016,0.6258,1.3421,2.1014,1775608693235503464
diasbp,no_sharing,283.0106,46.7727,44.6278,43.5186,0.0042,0.7952,1.2348,2.145,1775608693286322449
diasbp,no_sharing,283.0676,56.6604,54.2677,43.4924,0.0017,10.4942,1.642,2.3927,1775608693343700427
diasbp,no_sharing,283.2534,53.5612,51.4172,50.5203,0.0015,0.6314,1.3959,2.144,1775608693529241744
diasbp,no_sharing,283.4464,94.4676,92.1686,62.7188,0.0019,29.1039,1.4703,2.299,1775608693722349984
diasbp,no_sharing,283.4733,178.2815,110.2141,52.7265,0.0016,57.2297,67.348,68.0675,1775608693815149338
diasbp,no_sharing,283.7824,52.1691,50.2638,49.2905,0.0016,0.6836,1.2538,1.9052,1775608694058101832
diasbp,no_sharing,283.9298,60.7691,58.1622,57.2292,0.0016,0.6592,1.5688,2.6069,1775608694205850775
diasbp,no_sharing,284.076,79.0811,77.134,42.5205,0.0013,34.3693,1.2107,1.9471,1775608694351733331
diasbp,no_sharing,284.1229,184.6573,151.5201,49.1568,0.0013,51.0621,32.0327,33.1373,1775608694429454545
diasbp,no_sharing,284.1399,168.0138,151.5201,49.1568,0.0013,51.0621,15.0959,16.4938,1775608694429454545
diasbp,no_sharing,284.1676,228.1699,87.7031,47.8678,0.0014,39.583,139.6699,140.4668,1775608694581747756
diasbp,no_sharing,284.4254,57.4994,54.6334,49.2329,0.0017,5.1249,1.8806,2.866,1775608694701793472
diasbp,no_sharing,284.5093,87.5802,85.0843,52.5388,0.0017,32.2638,1.5874,2.496,1775608694785389214
diasbp,no_sharing,285.0704,86.1986,83.2747,63.3004,0.0018,19.6899,1.6086,2.9238,1775608695346535759
diasbp,no_sharing,285.1355,144.1882,122.6054,58.2499,0.0016,32.0408,20.5154,21.5827,1775608695430489984
diasbp,no_sharing,285.1392,140.5466,122.6054,58.2499,0.0016,32.0408,16.8517,17.9411,1775608695430489984
diasbp,no_sharing,285.1559,208.7152,84.2147,82.6264,0.0026,1.1526,123.5254,124.5005,1775608695553872088
diasbp,no_sharing,285.545,93.6801,91.1132,89.3036,0.0024,1.3674,1.6432,2.567,1775608695821121628
diasbp,no_sharing,285.5667,133.1191,60.5264,55.4161,0.0016,4.8298,71.7337,72.5927,1775608695912942623
diasbp,no_sharing,286.0722,59.9308,57.7128,54.0931,0.0017,3.3111,1.4265,2.218,1775608696348101194
diasbp,no_sharing,286.1018,85.2458,54.489,53.5314,0.0016,0.684,30.1173,30.7568,1775608696406446788
diasbp,no_sharing,286.7969,74.7938,72.4654,53.9644,0.0017,18.2342,1.4985,2.3284,1775608697072909041
diasbp,no_sharing,287.0164,60.7917,58.4434,52.4804,0.0017,5.6929,1.4398,2.3483,1775608697292348774
diasbp,no_sharing,287.3224,78.8839,76.0514,60.8883,0.0017,14.9015,1.9116,2.8325,1775608697598828467
diasbp,no_sharing,287.3442,114.3489,56.632,50.9945,0.0013,4.8436,56.8132,57.7169,1775608697675531631
diasbp,no_sharing,287.4748,45.8119,43.5325,42.7628,0.0013,0.5618,1.4367,2.2794,1775608697750710526
diasbp,no_sharing,287.5552,63.1647,60.9797,44.7753,0.0012,15.9964,1.3089,2.185,1775608697830990073
diasbp,no_sharing,287.5934,66.2153,40.7116,39.9598,0.0012,0.5465,24.6847,25.5037,1775608697892539654
diasbp,no_sharing,287.717,49.7882,47.4653,46.5365,0.0015,0.6557,1.4379,2.323,1775608697992938998
diasbp,no_sharing,287.9098,47.1902,45.1798,44.3885,0.0014,0.5708,1.2882,2.0104,1775608698185525712
diasbp,no_sharing,288.7113,72.1035,69.8969,67.7251,0.003,1.6392,1.3077,2.2066,1775608698987107947
diasbp,no_sharing,288.9068,84.5478,82.6418,43.5198,0.0013,38.8687,1.1842,1.906,1775608699182444865
diasbp,no_sharing,289.0432,43.1485,41.1661,40.4299,0.0013,0.5308,1.2124,1.9824,1775608699318915082
diasbp,no_sharing,289.5031,94.0187,91.5309,89.7147,0.0029,1.2854,1.5311,2.4878,1775608699779157504
diasbp,no_sharing,290.0547,59.5038,57.1103,55.4269,0.0018,1.3729,1.5533,2.3935,1775608700330688360
diasbp,no_sharing,290.8148,55.6581,53.4602,52.4805,0.0018,0.6896,1.307,2.1979,1775608701090607647
diasbp,no_sharing,290.9919,59.6449,57.2929,53.9689,0.0017,3.0469,1.5118,2.3521,1775608701267867500
diasbp,no_sharing,291.1705,75.7372,73.8702,46.0019,0.0014,27.6303,1.1244,1.8671,1775608701446085502
diasbp,no_sharing,291.2178,71.4264,42.4316,41.6963,0.0013,0.5287,28.2578,28.9948,1775608701520501107
diasbp,no_sharing,291.4104,51.5161,49.2468,48.3893,0.0015,0.6237,1.3411,2.2692,1775608701686243793
diasbp,no_sharing,291.423,88.3451,48.905,44.151,0.0013,4.5443,38.6076,39.4401,1775608701736116674
diasbp,no_sharing,291.5636,46.3502,44.1788,43.392,0.0014,0.5705,1.2906,2.1714,1775608701839404949
diasbp,no_sharing,292.1429,90.8694,88.5803,51.5623,0.0015,36.7663,1.426,2.2891,1775608702418794273
diasbp,no_sharing,292.1556,171.5205,92.7007,90.9158,0.0029,1.2777,77.9188,78.8197,1775608702507980546
diasbp,no_sharing,292.2338,194.0551,100.0048,96.9105,0.0031,2.5649,93.0204,94.0503,1775608702601313025
diasbp,no_sharing,292.4211,104.0215,96.6344,94.8222,0.003,1.2789,6.4425,7.3872,1775608702702037905
diasbp,no_sharing,292.5394,56.0462,53.6913,52.7082,0.0017,0.6814,1.4765,2.355,1775608702815320477
diasbp,no_sharing,292.781,56.8826,54.5453,53.5686,0.0016,0.6949,1.4365,2.3374,1775608703056870962
diasbp,no_sharing,292.9391,61.7814,59.612,52.3476,0.0016,6.996,1.4007,2.1694,1775608703215028564
diasbp,no_sharing,293.0571,109.2076,107.2466,49.7038,0.0016,57.286,1.2426,1.961,1775608703332850816
diasbp,no_sharing,293.4467,85.7193,83.4244,71.4209,0.002,11.6407,1.3928,2.2949,1775608703722610428
diasbp,no_sharing,293.8373,109.7298,107.1044,105.1399,0.0034,1.4106,1.5743,2.6254,1775608704113327492
diasbp,no_sharing,294.0484,58.3913,55.9204,54.931,0.0017,0.6974,1.5438,2.471,1775608704324434236
diasbp,no_sharing,294.5787,66.082,63.7086,61.8541,0.0018,1.5613,1.5552,2.3734,1775608704854688667
diasbp,no_sharing,294.6639,55.5677,53.4649,52.4739,0.0017,0.7081,1.2591,2.1029,1775608704939614521
diasbp,no_sharing,294.7135,63.3471,56.764,55.154,0.0017,0.6874,5.739,6.5831,1775608704993706640
diasbp,no_sharing,294.9411,57.1177,54.7975,52.0154,0.0017,2.5062,1.4601,2.3202,1775608705217020834
diasbp,no_sharing,294.9475,114.6829,63.4859,50.1676,0.0015,13.0993,50.427,51.197,1775608705272438645
diasbp,no_sharing,295.0398,83.997,61.0776,43.097,0.0012,17.776,22.1992,22.9194,1775608705336516437
diasbp,no_sharing,295.4719,78.1593,76.0296,48.8602,0.0014,26.9208,1.4131,2.1298,1775608705747757636
diasbp,no_sharing,295.7144,72.2747,69.9117,68.1174,0.0029,1.3046,1.3094,2.3629,1775608705990182027
diasbp,no_sharing,296.0225,56.7029,54.3061,53.4,0.0016,0.6278,1.5988,2.3967,1775608706298555953
diasbp,no_sharing,296.1371,53.6668,51.37,49.7798,0.0015,1.3521,1.4551,2.2968,1775608706413008352
diasbp,no_sharing,296.1597,95.8931,63.6276,45.9998,0.0014,17.4046,30.782,32.2656,1775608706464986599
diasbp,no_sharing,296.1899,143.3263,77.4281,66.8718,0.0023,10.1908,64.9779,65.8982,1775608706529329423
diasbp,no_sharing,296.2549,150.0161,71.1091,68.8307,0.0021,1.8927,78.0067,78.9069,1775608706607435417
diasbp,no_sharing,296.377,81.1241,52.775,51.8108,0.0018,0.6814,27.6804,28.349,1775608706679187337
diasbp,no_sharing,296.4593,59.9942,57.795,51.8386,0.0016,5.6859,1.4157,2.1992,1775608706735210042
diasbp,no_sharing,296.4913,96.6585,68.1188,55.005,0.0016,12.8538,27.8192,28.5397,1775608706793595110
diasbp,no_sharing,296.5838,65.0115,60.0401,51.8914,0.0016,7.8899,4.0903,4.9714,1775608706862342932
diasbp,no_sharing,296.6191,93.1861,62.9756,52.1686,0.0018,10.5483,29.4335,30.2106,1775608706922999848
diasbp,no_sharing,296.6729,134.0063,94.0485,56.6577,0.0016,18.5584,39.1946,39.9577,1775608706986604814
diasbp,no_sharing,296.6923,114.774,94.0485,56.6577,0.0016,18.5584,19.8209,20.7255,1775608706986604814
diasbp,no_sharing,296.7489,213.0661,154.2112,55.4402,0.0015,49.2499,57.9729,58.8549,1775608707081395284
diasbp,no_sharing,296.7673,194.8755,154.2112,55.4402,0.0015,49.2499,39.6495,40.6643,1775608707081395284
diasbp,no_sharing,297.7804,59.1486,57.1058,55.1426,0.0018,1.5417,1.2796,2.0428,1775608708056132755
diasbp,no_sharing,297.9201,70.1683,68.2021,57.8409,0.0017,10.0977,1.2419,1.9662,1775608708195869193
diasbp,no_sharing,297.9974,56.5908,54.7407,53.1425,0.0016,1.329,1.1134,1.8501,1775608708273041472
diasbp,no_sharing,297.9989,107.0087,51.1737,50.3633,0.0013,0.5917,55.0759,55.835,1775608708328411427
diasbp,no_sharing,298.6314,82.402,80.3271,64.1542,0.0021,15.8546,1.3628,2.0749,1775608708907241465
diasbp,no_sharing,298.6644,106.9336,56.8515,55.8913,0.0016,0.6786,49.3071,50.0821,1775608708988203169
diasbp,no_sharing,298.8106,61.6052,59.4007,53.6726,0.0017,5.4415,1.4327,2.2045,1775608709086473753
diasbp,no_sharing,298.9921,56.0043,54.051,53.0901,0.0016,0.6933,1.2343,1.9533,1775608709267781567
diasbp,no_sharing,299.0175,85.9005,54.5918,51.9224,0.0016,2.3799,30.4983,31.3087,1775608709322517311
diasbp,no_sharing,299.0902,68.9819,55.3031,51.8342,0.0015,3.205,13.0632,13.6788,1775608709377741062
diasbp,no_sharing,299.1386,75.8018,54.7246,52.327,0.0017,2.1367,20.4401,21.0772,1775608709433507629
